xof 0303txt 0032
template ColorRGBA {
 <35ff44e0-6c7c-11cf-8f52-0040333594a3>
 FLOAT red;
 FLOAT green;
 FLOAT blue;
 FLOAT alpha;
}

template ColorRGB {
 <d3e16e81-7835-11cf-8f52-0040333594a3>
 FLOAT red;
 FLOAT green;
 FLOAT blue;
}

template Material {
 <3d82ab4d-62da-11cf-ab39-0020af71e433>
 ColorRGBA faceColor;
 FLOAT power;
 ColorRGB specularColor;
 ColorRGB emissiveColor;
 [...]
}

template TextureFilename {
 <a42790e1-7810-11cf-8f52-0040333594a3>
 STRING filename;
}

template Frame {
 <3d82ab46-62da-11cf-ab39-0020af71e433>
 [...]
}

template Matrix4x4 {
 <f6f23f45-7686-11cf-8f52-0040333594a3>
 array FLOAT matrix[16];
}

template FrameTransformMatrix {
 <f6f23f41-7686-11cf-8f52-0040333594a3>
 Matrix4x4 frameMatrix;
}

template Vector {
 <3d82ab5e-62da-11cf-ab39-0020af71e433>
 FLOAT x;
 FLOAT y;
 FLOAT z;
}

template MeshFace {
 <3d82ab5f-62da-11cf-ab39-0020af71e433>
 DWORD nFaceVertexIndices;
 array DWORD faceVertexIndices[nFaceVertexIndices];
}

template Mesh {
 <3d82ab44-62da-11cf-ab39-0020af71e433>
 DWORD nVertices;
 array Vector vertices[nVertices];
 DWORD nFaces;
 array MeshFace faces[nFaces];
 [...]
}

template MeshNormals {
 <f6f23f43-7686-11cf-8f52-0040333594a3>
 DWORD nNormals;
 array Vector normals[nNormals];
 DWORD nFaceNormals;
 array MeshFace faceNormals[nFaceNormals];
}

template MeshMaterialList {
 <f6f23f42-7686-11cf-8f52-0040333594a3>
 DWORD nMaterials;
 DWORD nFaceIndexes;
 array DWORD faceIndexes[nFaceIndexes];
 [Material <3d82ab4d-62da-11cf-ab39-0020af71e433>]
}

template Coords2d {
 <f6f23f44-7686-11cf-8f52-0040333594a3>
 FLOAT u;
 FLOAT v;
}

template MeshTextureCoords {
 <f6f23f40-7686-11cf-8f52-0040333594a3>
 DWORD nTextureCoords;
 array Coords2d textureCoords[nTextureCoords];
}

template XSkinMeshHeader {
 <3cf169ce-ff7c-44ab-93c0-f78f62d172e2>
 WORD nMaxSkinWeightsPerVertex;
 WORD nMaxSkinWeightsPerFace;
 WORD nBones;
}

template SkinWeights {
 <6f0d123b-bad2-4167-a0d0-80224f25fabb>
 STRING transformNodeName;
 DWORD nWeights;
 array DWORD vertexIndices[nWeights];
 array FLOAT weights[nWeights];
 Matrix4x4 matrixOffset;
}

template AnimTicksPerSecond {
 <9e415a43-7ba6-4a73-8743-b73d47e88476>
 DWORD AnimTicksPerSecond;
}

template Animation {
 <3d82ab4f-62da-11cf-ab39-0020af71e433>
 [...]
}

template AnimationSet {
 <3d82ab50-62da-11cf-ab39-0020af71e433>
 [Animation <3d82ab4f-62da-11cf-ab39-0020af71e433>]
}

template FloatKeys {
 <10dd46a9-775b-11cf-8f52-0040333594a3>
 DWORD nValues;
 array FLOAT values[nValues];
}

template TimedFloatKeys {
 <f406b180-7b3b-11cf-8f52-0040333594a3>
 DWORD time;
 FloatKeys tfkeys;
}

template AnimationKey {
 <10dd46a8-775b-11cf-8f52-0040333594a3>
 DWORD keyType;
 DWORD nKeys;
 array TimedFloatKeys keys[nKeys];
}


Material m_wraith01 {
 1.000000;1.000000;1.000000;1.000000;;
 10.000000;
 0.000000;0.000000;0.000000;;
 0.000000;0.000000;0.000000;;

 TextureFilename {
  "t_wraith01_df.tga";
 }

 TextureFilename {
  "t_wraith01_sp.tga";
 }

 TextureFilename {
  "t_wraith01_df.tga";
 }
}

Material m_wraith_wep01 {
 1.000000;1.000000;1.000000;1.000000;;
 10.000000;
 0.000000;0.000000;0.000000;;
 0.000000;0.000000;0.000000;;

 TextureFilename {
  "t_aura13a.tga";
 }
}

Frame bip001 {
 

 FrameTransformMatrix {
  -0.638214,-0.222422,-0.737029,0.000000,-0.088117,0.972169,-0.217079,0.000000,0.764799,-0.073598,-0.640051,0.000000,-0.000001,121.914650,-12.550345,1.000000;;
 }

 Frame bip001-pelvis {
  

  FrameTransformMatrix {
   0.000001,1.000000,-0.000000,0.000000,-0.000001,0.000000,1.000000,0.000000,1.000000,-0.000001,0.000001,0.000000,0.000000,0.000000,0.000000,1.000000;;
  }

  Frame bip001-spine {
   

   FrameTransformMatrix {
    0.993948,-0.086831,0.067286,0.000000,0.084630,0.995801,0.034903,0.000000,-0.070034,-0.028998,0.997123,0.000000,6.550095,0.000673,2.056530,1.000000;;
   }

   Frame bip001-spine1 {
    

    FrameTransformMatrix {
     0.944140,-0.010427,-0.329381,0.000000,0.057535,0.989364,0.133599,0.000000,0.324484,-0.145087,0.934698,0.000000,28.733376,0.004898,-0.031538,1.000000;;
    }

    Frame bip001-neck {
     

     FrameTransformMatrix {
      1.000000,0.000000,-0.000000,0.000000,0.000000,1.000000,-0.000000,0.000000,0.000000,-0.000000,1.000000,0.000000,27.278762,-0.000009,-6.799717,1.000000;;
     }

     Frame bip001-l-clavicle {
      

      FrameTransformMatrix {
       0.127531,0.985748,-0.109713,0.000000,0.991835,-0.126836,0.013313,0.000000,-0.000792,-0.110515,-0.993874,0.000000,-3.441116,5.847822,0.697393,1.000000;;
      }

      Frame bip001-l-upperarm {
       

       FrameTransformMatrix {
        0.604710,-0.781262,0.154774,0.000000,0.546345,0.548310,0.633137,0.000000,-0.579511,-0.298304,0.758408,0.000000,19.654846,0.000000,0.000002,1.000000;;
       }

       Frame bip001-l-forearm {
        

        FrameTransformMatrix {
         0.635515,-0.000000,-0.772089,0.000000,0.000000,1.000000,-0.000000,0.000000,0.772089,-0.000000,0.635515,0.000000,33.312323,0.000015,0.000000,1.000000;;
        }

        Frame bip001-l-hand {
         

         FrameTransformMatrix {
          0.983174,-0.007876,0.182501,0.000000,-0.133729,0.649555,0.748462,0.000000,-0.124439,-0.760274,0.637572,0.000000,42.988579,-0.000008,0.000015,1.000000;;
         }

         Frame bip001-l-finger0 {
          

          FrameTransformMatrix {
           0.858606,-0.332025,0.390583,0.000000,0.461659,0.169573,-0.870699,0.000000,0.222862,0.927903,0.298879,0.000000,8.085606,-9.839891,1.984253,1.000000;;
          }

          Frame bip001-l-finger01 {
           

           FrameTransformMatrix {
            0.999788,-0.000000,0.020573,0.000000,-0.000000,1.000000,-0.000000,0.000000,-0.020573,0.000000,0.999788,0.000000,7.493866,0.000015,0.000000,1.000000;;
           }
          }
         }

         Frame bip001-l-finger1 {
          

          FrameTransformMatrix {
           0.947276,-0.011072,0.320227,0.000000,-0.031924,0.991169,0.128705,0.000000,-0.318824,-0.132142,0.938558,0.000000,15.291749,0.310938,-1.846832,1.000000;;
          }

          Frame bip001-l-finger11 {
           

           FrameTransformMatrix {
            0.939373,0.000000,0.342898,0.000000,-0.000000,1.000000,0.000000,0.000000,-0.342898,-0.000000,0.939373,0.000000,13.595666,0.000000,0.000015,1.000000;;
           }
          }
         }
        }

        Frame retail_l_bone02 {
         

         FrameTransformMatrix {
          0.080179,-0.622404,0.778579,0.000000,0.732330,-0.493110,-0.469613,0.000000,0.676214,0.607829,0.416267,0.000000,30.700906,-2.481979,4.024910,1.000000;;
         }

         Frame retail_l_bone03 {
          

          FrameTransformMatrix {
           0.953230,0.252386,-0.166295,0.000000,-0.248690,0.967627,0.043036,0.000000,0.171773,0.000333,0.985136,0.000000,39.682480,-0.000015,0.000008,1.000000;;
          }
         }
        }

        Frame retail_l_bone01 {
         

         FrameTransformMatrix {
          0.991225,0.015384,0.131291,0.000000,0.130106,0.062082,-0.989555,0.000000,-0.023374,0.997953,0.059536,0.000000,22.750038,-1.011009,1.081574,1.000000;;
         }
        }
       }
      }
     }

     Frame bip001-r-clavicle {
      

      FrameTransformMatrix {
       -0.625299,-0.760897,-0.173311,0.000000,-0.780385,0.609463,0.139838,0.000000,-0.000775,0.222690,-0.974889,0.000000,-3.441101,-5.847838,0.697432,1.000000;;
      }

      Frame bip001-r-upperarm {
       

       FrameTransformMatrix {
        0.678592,0.229317,0.697801,0.000000,0.199624,0.856680,-0.475658,0.000000,-0.706869,0.462076,0.535559,0.000000,19.654830,0.000000,0.000002,1.000000;;
       }

       Frame bip001-r-forearm {
        

        FrameTransformMatrix {
         0.765674,-0.000000,-0.643229,0.000000,0.000000,1.000000,0.000000,0.000000,0.643229,-0.000000,0.765674,0.000000,33.312339,0.000000,-0.000004,1.000000;;
        }

        Frame bip001-r-hand {
         

         FrameTransformMatrix {
          0.859311,0.052398,0.508762,0.000000,0.498539,0.136316,-0.856083,0.000000,-0.114210,0.989279,0.091015,0.000000,42.988570,0.000015,0.000000,1.000000;;
         }

         Frame bip001-r-finger0 {
          

          FrameTransformMatrix {
           0.340925,0.007549,0.940060,0.000000,-0.933568,-0.114871,0.339493,0.000000,0.110549,-0.993352,-0.032115,0.000000,8.085617,9.839902,1.984222,1.000000;;
          }

          Frame bip001-r-finger01 {
           

           FrameTransformMatrix {
            0.456923,0.000000,0.889506,0.000000,0.000000,1.000000,-0.000000,0.000000,-0.889506,0.000000,0.456924,0.000000,7.493866,0.000000,0.000000,1.000000;;
           }
          }
         }

         Frame bip001-r-finger1 {
          

          FrameTransformMatrix {
           0.947485,0.010985,0.319611,0.000000,0.031924,0.991169,-0.128705,0.000000,-0.318202,0.132149,0.938767,0.000000,15.291779,-0.310944,-1.846817,1.000000;;
          }

          Frame bip001-r-finger11 {
           

           FrameTransformMatrix {
            0.095730,-0.000000,0.995407,0.000000,-0.000000,1.000000,0.000000,0.000000,-0.995407,-0.000000,0.095730,0.000000,13.595650,0.000006,0.000000,1.000000;;
           }
          }
         }

         Frame hand_r {
          

          FrameTransformMatrix {
           0.130107,0.989505,-0.062872,0.000000,-0.123872,0.079136,0.989138,0.000000,0.983732,-0.120906,0.132868,0.000000,14.019531,-22.565018,7.296982,1.000000;;
          }

          Frame weapon_bone01 {
           

           FrameTransformMatrix {
            -0.000000,-0.000000,1.000000,0.000000,0.000000,1.000000,0.000001,0.000000,-1.000000,0.000000,0.000000,0.000000,139.999974,0.000000,0.000023,1.000000;;
           }
          }
         }
        }

        Frame retail_r_bone01 {
         

         FrameTransformMatrix {
          0.991224,-0.015384,0.131293,0.000000,0.130108,-0.062084,-0.989554,0.000000,0.023374,0.997953,-0.059538,0.000000,22.749718,1.011414,1.081680,1.000000;;
         }
        }

        Frame retail_r_bone02 {
         

         FrameTransformMatrix {
          0.540848,0.795009,0.274672,0.000000,0.300952,0.122030,-0.945799,0.000000,-0.785437,0.594197,-0.173260,0.000000,30.700611,2.482300,4.025047,1.000000;;
         }

         Frame retail_r_bone03 {
          

          FrameTransformMatrix {
           0.999920,0.005855,0.011242,0.000000,-0.005861,0.999983,0.000481,0.000000,-0.011239,-0.000546,0.999937,0.000000,39.682502,0.000008,0.000008,1.000000;;
          }
         }
        }
       }
      }
     }

     Frame bip001-head {
      

      FrameTransformMatrix {
       0.955682,0.289914,-0.051208,0.000000,-0.223984,0.603127,-0.765551,0.000000,-0.191059,0.743094,0.641334,0.000000,9.396072,0.000001,1.298193,1.000000;;
      }
     }
    }

    Frame back_cape_bone01 {
     

     FrameTransformMatrix {
      -0.913510,-0.023674,-0.406127,0.000000,0.088705,-0.985876,-0.142058,0.000000,-0.397028,-0.165797,0.902707,0.000000,34.002534,-0.000028,-21.884821,1.000000;;
     }

     Frame back_cape_bone02 {
      

      FrameTransformMatrix {
       0.999329,-0.025589,-0.026202,0.000000,0.025581,0.999673,-0.000653,0.000000,0.026210,-0.000018,0.999657,0.000000,33.686173,-0.000008,-0.000008,1.000000;;
      }

      Frame back_cape_bone03 {
       

       FrameTransformMatrix {
        0.989303,-0.026525,-0.143442,0.000000,0.026252,0.999648,-0.003800,0.000000,0.143492,-0.000006,0.989651,0.000000,36.970832,0.000001,0.000008,1.000000;;
       }
      }
     }
    }
   }

   Frame bip001-l-thigh {
    

    FrameTransformMatrix {
     -0.982265,-0.080725,0.169232,0.000000,0.086833,-0.995801,0.028996,0.000000,0.166181,0.043177,0.985150,0.000000,-8.443901,19.959750,-2.191290,1.000000;;
    }

    Frame bip001-l-calf {
     

     FrameTransformMatrix {
      0.980067,0.000000,-0.198668,0.000000,-0.000000,1.000000,-0.000000,0.000000,0.198668,0.000000,0.980067,0.000000,55.277536,-0.000004,0.000003,1.000000;;
     }

     Frame bip001-l-foot {
      

      FrameTransformMatrix {
       0.995005,-0.000000,0.099831,0.000000,0.000000,1.000000,-0.000000,0.000000,-0.099831,0.000000,0.995005,0.000000,55.277549,-0.000002,-0.000004,1.000000;;
      }

      Frame bip001-l-toe0 {
       

       FrameTransformMatrix {
        -0.000000,-0.000000,1.000000,0.000000,-0.000000,1.000000,0.000000,0.000000,-1.000000,-0.000000,-0.000000,0.000000,12.713837,0.000000,16.362160,1.000000;;
       }
      }
     }
    }
   }

   Frame bip001-r-thigh {
    

    FrameTransformMatrix {
     -0.982265,-0.080725,0.169232,0.000000,0.086833,-0.995801,0.028996,0.000000,0.166181,0.043177,0.985150,0.000000,-4.853660,-21.213314,-0.992403,1.000000;;
    }

    Frame bip001-r-calf {
     

     FrameTransformMatrix {
      0.980067,0.000000,-0.198668,0.000000,-0.000000,1.000000,-0.000000,0.000000,0.198668,0.000000,0.980067,0.000000,55.277517,-0.000008,-0.000003,1.000000;;
     }

     Frame bip001-r-foot {
      

      FrameTransformMatrix {
       0.995005,-0.000000,0.099831,0.000000,0.000000,1.000000,-0.000000,0.000000,-0.099831,0.000000,0.995005,0.000000,55.277542,-0.000004,-0.000002,1.000000;;
      }

      Frame bip001-r-toe0 {
       

       FrameTransformMatrix {
        -0.000000,-0.000000,1.000000,0.000000,-0.000000,1.000000,0.000000,0.000000,-1.000000,-0.000000,-0.000000,0.000000,12.713834,-0.000004,16.362160,1.000000;;
       }
      }
     }
    }
   }
  }

  Frame skirt_l_bone01 {
   

   FrameTransformMatrix {
    -0.940530,0.268783,0.207746,0.000000,0.107240,-0.345353,0.932326,0.000000,0.322339,0.899159,0.295990,0.000000,-3.605842,13.527491,1.865595,1.000000;;
   }

   Frame skirt_l_bone02 {
    

    FrameTransformMatrix {
     0.999794,0.006984,0.019070,0.000000,-0.006986,0.999976,0.000028,0.000000,-0.019070,-0.000161,0.999818,0.000000,34.389824,-0.000001,0.000000,1.000000;;
    }

    Frame skirt_l_bone03 {
     

     FrameTransformMatrix {
      0.976599,0.067158,0.204314,0.000000,-0.065747,0.997743,-0.013694,0.000000,-0.204773,-0.000060,0.978810,0.000000,48.904621,-0.000000,0.000042,1.000000;;
     }
    }
   }
  }

  Frame skirt_r_bone01 {
   

   FrameTransformMatrix {
    -0.940530,-0.268786,0.207746,0.000000,0.107241,0.345348,0.932327,0.000000,-0.322341,0.899160,-0.295986,0.000000,-3.605782,-13.528010,1.865517,1.000000;;
   }

   Frame skirt_r_bone02 {
    

    FrameTransformMatrix {
     0.999975,0.004851,-0.005128,0.000000,-0.004851,0.999988,-0.000049,0.000000,0.005128,0.000074,0.999987,0.000000,34.389802,-0.000008,0.000000,1.000000;;
    }

    Frame skirt_r_bone03 {
     

     FrameTransformMatrix {
      0.987645,0.039954,-0.151532,0.000000,-0.039487,0.999202,0.006088,0.000000,0.151654,-0.000029,0.988434,0.000000,48.904624,0.000026,-0.000042,1.000000;;
     }
    }
   }
  }

  Frame skirt_b_bone01 {
   

   FrameTransformMatrix {
    -0.999215,0.000000,0.039616,0.000000,-0.000000,-1.000000,-0.000002,0.000000,0.039616,-0.000002,0.999215,0.000000,-0.690140,0.000053,-16.089802,1.000000;;
   }

   Frame skirt_b_bone02 {
    

    FrameTransformMatrix {
     0.990845,-0.005286,-0.134905,0.000000,0.005244,0.999986,-0.000670,0.000000,0.134906,-0.000043,0.990859,0.000000,32.201584,0.000004,-0.000010,1.000000;;
    }

    Frame skirt_b_bone03 {
     

     FrameTransformMatrix {
      0.990672,-0.017296,-0.135164,0.000000,0.017196,0.999850,-0.001906,0.000000,0.135177,-0.000436,0.990821,0.000000,53.971437,-0.000002,0.000015,1.000000;;
     }
    }
   }
  }
 }
}

Frame wraith01 {
 

 FrameTransformMatrix {
  1.000000,0.000000,0.000000,0.000000,0.000000,1.000000,0.000000,0.000000,0.000000,0.000000,1.000000,0.000000,0.000000,0.000000,0.000000,1.000000;;
 }

 Mesh wraith01 {
  2132;
  78.901830;70.174669;-26.957334;,
  76.245427;90.613939;-30.473126;,
  82.376749;71.311456;-30.696080;,
  73.185037;89.612762;-27.180384;,
  71.003610;106.098336;-30.301898;,
  68.261568;105.201312;-27.351674;,
  64.223533;126.235546;-30.114992;,
  61.829005;125.452198;-27.538659;,
  71.474829;51.298003;-21.368560;,
  72.934054;69.183917;-26.037560;,
  75.861299;52.432800;-27.532262;,
  69.228723;68.225331;-20.830963;,
  69.561478;86.563821;-24.383134;,
  66.645958;85.809568;-20.286355;,
  66.637229;102.599802;-23.111966;,
  64.091200;101.941133;-19.534386;,
  62.836602;123.443136;-21.460062;,
  60.770349;122.908557;-18.556653;,
  -71.520378;51.298006;-21.312774;,
  -72.979622;69.183904;-25.981773;,
  -75.906829;52.432803;-27.476470;,
  -69.274259;68.225344;-20.775179;,
  -69.607040;86.563821;-24.327349;,
  -66.691514;85.809594;-20.230568;,
  -66.682790;102.599802;-23.056179;,
  -64.136749;101.941152;-19.478595;,
  -60.815917;122.908582;-18.500866;,
  -62.882170;123.443136;-21.404274;,
  72.979622;69.183904;-25.981773;,
  71.520378;51.298006;-21.312774;,
  75.906829;52.432803;-27.476470;,
  69.274259;68.225344;-20.775179;,
  69.607040;86.563821;-24.327349;,
  66.691514;85.809594;-20.230568;,
  66.682790;102.599802;-23.056179;,
  64.136749;101.941152;-19.478600;,
  60.815917;122.908582;-18.500864;,
  62.882170;123.443136;-21.404274;,
  -76.245427;90.613939;-30.473126;,
  -78.901830;70.174669;-26.957334;,
  -82.376749;71.311456;-30.696080;,
  -73.185037;89.612762;-27.180384;,
  -71.003610;106.098336;-30.301898;,
  -68.261568;105.201312;-27.351674;,
  -64.223533;126.235546;-30.114992;,
  -61.829005;125.452198;-27.538659;,
  -72.934054;69.183917;-26.037560;,
  -71.474829;51.298003;-21.368560;,
  -75.861299;52.432800;-27.532262;,
  -69.228723;68.225331;-20.830963;,
  -69.561478;86.563821;-24.383136;,
  -66.645958;85.809568;-20.286354;,
  -66.637229;102.599802;-23.111966;,
  -64.091200;101.941133;-19.534386;,
  -62.836602;123.443136;-21.460062;,
  -60.770349;122.908557;-18.556653;,
  9.501589;-0.950875;-89.650080;,
  23.654093;39.804928;-71.716019;,
  25.348962;10.842214;-77.957216;,
  9.259642;37.285443;-77.726995;,
  7.860130;66.351853;-67.657542;,
  21.409541;67.475430;-62.942541;,
  6.360973;88.229318;-60.960749;,
  18.231862;89.149638;-56.650758;,
  5.228257;105.289363;-56.479053;,
  31.879126;67.764013;-53.701037;,
  25.966466;39.759315;-71.105075;,
  16.367147;106.410630;-52.318717;,
  3.580236;122.833229;-53.601875;,
  35.073037;9.595763;-76.154355;,
  31.267440;7.742179;-79.906176;,
  44.566269;23.090378;-63.877011;,
  38.943680;40.022627;-60.380582;,
  45.107395;39.995229;-39.660918;,
  59.477126;12.386235;-41.874269;,
  46.485261;14.987389;-12.703966;,
  34.914029;67.332141;-38.191914;,
  38.659146;40.628598;-15.703594;,
  26.107382;10.663406;16.202494;,
  26.355986;89.173523;-48.242586;,
  21.195253;39.095866;5.887430;,
  20.146480;13.889749;18.942602;,
  0.000000;6.241975;27.283475;,
  0.000000;37.696435;13.352838;,
  30.313254;68.225946;-18.991530;,
  16.163320;67.965978;-3.618511;,
  0.000000;67.837510;2.411615;,
  0.000000;89.454938;-5.100077;,
  12.411316;89.954733;-9.937096;,
  0.000000;105.672755;-9.890648;,
  28.434570;88.964915;-37.116896;,
  23.600739;89.802400;-21.241845;,
  10.404943;106.170598;-14.391163;,
  0.000000;122.150144;-13.892466;,
  22.545693;106.437555;-44.317200;,
  23.996280;105.969491;-36.075030;,
  19.262102;106.493344;-22.082246;,
  8.708502;122.829376;-17.378219;,
  0.000000;136.165466;-16.479237;,
  20.473003;122.620390;-34.611213;,
  7.525996;136.613210;-17.965506;,
  0.000000;153.207667;-14.398186;,
  16.883438;123.547546;-23.381443;,
  12.525813;136.940595;-20.598419;,
  11.439276;152.134246;-16.505075;,
  16.905750;136.892096;-25.411474;,
  14.249494;166.663936;-11.364271;,
  0.000000;167.949722;-11.101141;,
  0.000000;178.155405;-10.661341;,
  18.575106;151.803968;-22.587842;,
  14.320611;177.438810;-11.486120;,
  0.000000;192.153382;-11.034986;,
  15.178691;191.340378;-18.299891;,
  21.375786;188.156326;-17.845130;,
  21.690610;164.148774;-15.481301;,
  21.723749;175.447373;-12.390957;,
  24.267080;174.114726;-12.909109;,
  28.063594;184.591450;-18.317728;,
  23.357562;164.621107;-15.861806;,
  23.104782;160.777907;-27.219590;,
  22.556021;158.527194;-28.641485;,
  22.918984;163.853120;-37.164131;,
  20.009949;152.382502;-31.973117;,
  22.141341;162.453491;-39.351555;,
  24.703146;171.597197;-39.129104;,
  18.801731;137.440013;-33.379421;,
  19.065331;153.170074;-39.716534;,
  18.330034;137.265638;-40.516499;,
  22.389624;172.800512;-41.133155;,
  26.332918;177.838502;-38.967405;,
  18.951189;180.115110;-42.397824;,
  14.929272;175.222707;-45.347910;,
  14.788043;167.132160;-47.825696;,
  4.145249;168.655910;-51.965270;,
  4.730970;176.859635;-47.643546;,
  12.589668;154.397043;-48.079779;,
  2.556209;155.088166;-53.401862;,
  13.243564;137.441869;-47.985283;,
  2.443578;137.155904;-52.800285;,
  14.781195;123.236326;-49.456682;,
  19.940862;122.754726;-41.704506;,
  23.654093;39.804931;-69.876800;,
  9.501589;-0.950874;-87.987622;,
  25.348962;10.842214;-76.813702;,
  9.259642;37.285443;-77.080717;,
  7.860130;66.351853;-67.073037;,
  21.409541;67.475430;-61.407258;,
  6.360972;88.229318;-60.282778;,
  18.231862;89.149638;-55.354253;,
  5.228257;105.289363;-55.959258;,
  30.803302;67.764013;-52.672074;,
  25.966466;39.759312;-69.292966;,
  16.367147;106.410630;-51.263459;,
  31.267440;7.742178;-77.756416;,
  35.073037;9.595768;-74.171110;,
  3.580236;122.833229;-52.887466;,
  44.566269;23.090378;-62.438637;,
  25.280163;89.173523;-47.405296;,
  37.867856;40.022627;-59.097376;,
  44.031571;39.995229;-39.297245;,
  58.353613;12.386234;-41.412368;,
  45.803318;14.987387;-13.166170;,
  33.838208;67.332141;-37.891469;,
  37.583325;40.628602;-16.403141;,
  26.107382;10.663406;14.086962;,
  27.358742;88.964915;-36.861466;,
  21.195253;39.095872;4.171446;,
  20.146480;13.889749;16.705461;,
  0.000000;6.241974;24.676165;,
  0.000000;37.696442;11.305536;,
  29.237430;68.225946;-19.545162;,
  16.163320;67.965978;-4.958412;,
  0.000000;67.837510;0.804096;,
  0.000000;89.454938;-6.780070;,
  12.411316;89.954733;-11.402420;,
  0.000000;105.672755;-10.915314;,
  22.524915;89.802400;-21.695608;,
  10.404943;106.170598;-15.216099;,
  0.000000;122.150144;-14.739531;,
  22.920458;105.969491;-35.838198;,
  8.708502;122.829376;-18.070590;,
  0.000000;136.165466;-17.211506;,
  18.186280;106.493344;-22.498712;,
  7.525996;136.613210;-18.631813;,
  0.000000;153.207667;-15.155670;,
  15.151768;125.038374;-23.238797;,
  11.879974;136.940595;-21.378178;,
  11.504120;152.134246;-17.721363;,
  19.397181;122.620390;-34.429597;,
  15.829926;136.892096;-25.680189;,
  18.865040;122.754726;-41.167402;,
  14.323362;166.663936;-13.059346;,
  0.000000;167.949722;-12.004948;,
  0.000000;178.155405;-11.584663;,
  21.469870;106.437555;-43.669968;,
  14.781197;123.236326;-48.514192;,
  17.254211;137.265638;-40.055632;,
  13.243564;137.441869;-47.130365;,
  2.443578;137.155904;-51.732125;,
  2.556209;155.088166;-52.383926;,
  12.589668;154.397043;-47.296784;,
  4.145249;168.655910;-51.055530;,
  17.725910;137.440013;-33.259136;,
  17.989506;153.170074;-39.337770;,
  14.788043;167.132160;-47.099670;,
  14.929272;175.222707;-44.731850;,
  4.730970;176.859635;-46.925606;,
  18.934126;152.382502;-31.950627;,
  21.065517;162.453491;-39.001610;,
  17.499283;151.803968;-22.981867;,
  21.480198;158.527194;-28.766848;,
  20.222051;164.148774;-16.881170;,
  21.843160;163.853120;-36.911267;,
  22.028960;160.777907;-27.408064;,
  24.043562;171.597197;-38.789030;,
  21.889003;164.621107;-17.244789;,
  22.389624;172.800512;-40.704147;,
  26.332918;177.838502;-38.967405;,
  18.951189;180.115110;-42.397824;,
  21.723749;175.447373;-13.766851;,
  24.267080;174.114726;-14.262008;,
  21.994910;187.022259;-18.148990;,
  26.433830;184.078374;-18.291454;,
  14.320611;177.438810;-12.372841;,
  15.523021;190.387981;-18.745723;,
  0.000000;191.616000;-14.491918;,
  30.744851;77.839597;49.471664;,
  13.111929;108.138522;36.384218;,
  18.119947;86.852186;46.187850;,
  32.233760;106.405075;32.515754;,
  15.438253;130.413862;26.409365;,
  32.320698;125.296141;19.313085;,
  3.125551;111.012224;39.100618;,
  0.000000;111.898816;39.370627;,
  0.000000;103.475558;44.513014;,
  0.000000;131.240538;28.138893;,
  0.000000;147.227021;19.983774;,
  16.773715;146.213734;18.243181;,
  31.244867;140.796902;11.098650;,
  0.000000;163.812902;10.400110;,
  18.027523;161.953280;8.028998;,
  30.377408;157.066790;1.847044;,
  0.000000;174.391245;3.240335;,
  22.614730;172.241395;-1.475395;,
  32.110182;167.986662;-5.971290;,
  35.680707;178.239014;-13.239803;,
  13.903904;173.967360;1.022974;,
  0.000000;185.268250;-4.570398;,
  25.983674;181.783398;-11.050413;,
  28.063594;186.909542;-17.761933;,
  38.239699;186.466406;-18.391712;,
  40.463894;188.567885;-25.984520;,
  18.102765;184.987430;-9.445425;,
  29.847539;189.059738;-26.929632;,
  34.565709;183.395840;-35.109878;,
  21.375786;189.425997;-17.845130;,
  27.228992;185.011149;-36.848854;,
  30.104419;176.312947;-40.120358;,
  23.933446;190.542221;-26.711024;,
  25.667581;179.475763;-42.509949;,
  26.702173;169.832013;-43.145002;,
  22.003363;186.922534;-37.432720;,
  15.693086;193.689357;-29.080477;,
  23.756974;172.432819;-45.748170;,
  25.750349;159.934976;-46.858666;,
  21.732739;162.659955;-50.255408;,
  17.591506;163.858662;-52.050653;,
  20.080019;181.667776;-44.135533;,
  18.483117;174.656755;-47.602128;,
  9.558446;169.910246;-52.269600;,
  9.266779;165.431488;-53.835635;,
  9.997275;176.648806;-49.913414;,
  13.087833;189.371853;-39.152534;,
  11.050317;183.484058;-45.861293;,
  6.536476;184.454080;-46.984173;,
  5.285959;177.144205;-49.660477;,
  3.608255;169.107315;-52.952598;,
  4.014916;177.154586;-49.452842;,
  4.541482;184.588045;-47.034931;,
  3.621168;168.305997;-55.107347;,
  0.000000;168.809101;-53.267290;,
  3.470910;166.553370;-53.745914;,
  0.000000;167.864870;-55.177222;,
  0.000000;166.292378;-53.845728;,
  7.583214;196.151155;-44.400266;,
  5.755404;196.565069;-44.799485;,
  7.958312;188.522445;-42.646346;,
  10.271353;192.328448;-38.568995;,
  7.468914;205.338560;-45.653466;,
  6.406808;205.139878;-46.154435;,
  5.784730;211.638477;-48.662202;,
  8.933631;197.435200;-38.915744;,
  12.747017;195.169510;-30.402669;,
  6.626818;212.439923;-48.067939;,
  3.394461;215.545907;-50.028275;,
  2.933626;214.224230;-51.211082;,
  7.474285;213.673984;-44.182736;,
  0.000000;217.286170;-51.152419;,
  0.000000;216.010138;-53.258422;,
  3.696598;217.468083;-45.450944;,
  0.000000;219.758643;-45.953056;,
  8.254945;206.515392;-41.937318;,
  4.239612;219.928320;-38.421126;,
  0.000000;222.781901;-39.065888;,
  7.801465;215.837517;-37.075898;,
  4.343244;221.671475;-29.242400;,
  0.000000;224.792397;-29.967130;,
  9.996492;208.967053;-34.746816;,
  3.908207;220.904806;-24.705982;,
  0.000000;222.899712;-23.729229;,
  7.303002;217.437491;-28.273990;,
  5.034152;218.150016;-23.062446;,
  0.000000;219.130445;-20.512032;,
  9.248247;210.960230;-26.825226;,
  5.405877;211.730637;-21.046394;,
  0.000000;212.067123;-17.982974;,
  11.229098;199.682445;-31.818842;,
  10.850062;201.187930;-23.520432;,
  6.070006;201.537549;-18.235774;,
  0.000000;201.433152;-15.175179;,
  0.000000;192.591808;-10.060122;,
  7.292843;193.524275;-13.401844;,
  12.863674;194.431117;-19.899098;,
  8.864711;186.947827;-8.013306;,
  15.595680;192.610048;-18.299891;,
  13.111929;107.839795;36.057434;,
  30.744851;77.540870;49.144883;,
  18.119947;86.553459;45.861069;,
  32.233760;106.106349;32.188973;,
  15.438253;130.073139;25.770254;,
  32.320698;125.296141;19.313085;,
  3.125551;110.713498;38.773827;,
  0.000000;111.600102;39.043840;,
  0.000000;103.176826;44.186234;,
  0.000000;130.899827;27.499779;,
  0.000000;146.779174;19.401662;,
  16.773715;145.765875;17.661074;,
  31.244867;140.796902;11.098650;,
  0.000000;163.204634;9.771146;,
  18.027523;161.345011;7.400034;,
  30.377408;157.066790;1.847044;,
  0.000000;173.782989;2.611376;,
  22.614730;171.633152;-2.104357;,
  32.110182;167.986662;-5.971290;,
  13.903904;173.359104;0.394012;,
  35.680707;178.239014;-13.239803;,
  0.000000;185.324506;-5.659033;,
  25.983674;181.151117;-11.756851;,
  8.864711;187.004083;-9.101940;,
  0.000000;192.153382;-11.034986;,
  18.102765;184.355136;-10.151861;,
  28.063594;184.591450;-18.317728;,
  38.239699;186.466406;-18.391712;,
  40.463894;188.567885;-25.984520;,
  21.375786;188.156326;-17.845130;,
  27.860614;187.162061;-26.028008;,
  34.565709;183.395840;-35.109878;,
  15.595680;191.340378;-18.299891;,
  27.228992;184.679731;-33.529830;,
  30.104419;176.312947;-40.120358;,
  23.933446;189.272550;-26.711024;,
  26.332918;177.838502;-38.967398;,
  26.702173;169.832013;-43.145002;,
  22.003363;185.652864;-37.432720;,
  15.693086;192.419674;-29.080477;,
  23.756974;171.282918;-44.106682;,
  25.750349;159.934976;-46.858666;,
  21.732739;162.659955;-50.255408;,
  17.591506;163.858662;-52.050653;,
  18.951189;180.115110;-42.397821;,
  18.483117;174.100749;-46.887216;,
  9.558446;169.910246;-52.269600;,
  9.266779;165.431488;-53.835635;,
  9.997275;176.092787;-49.198502;,
  13.087833;188.102182;-39.152534;,
  11.050317;182.928038;-45.146381;,
  6.536476;183.898086;-46.269261;,
  5.285959;176.588198;-48.945562;,
  3.608255;169.107315;-52.952598;,
  3.470910;166.553370;-53.745914;,
  0.000000;166.292378;-53.845728;,
  0.000000;168.809101;-53.267290;,
  4.014916;177.154586;-49.452842;,
  4.541482;184.588045;-47.034931;,
  5.755404;196.565069;-44.799485;,
  7.462567;188.021184;-42.646346;,
  9.604262;191.288320;-38.568995;,
  7.061522;197.478106;-38.681088;,
  12.079926;194.129382;-30.402669;,
  12.196585;194.222246;-20.873963;,
  9.356988;199.725363;-31.584186;,
  7.292843;191.928448;-14.376709;,
  8.977952;201.230835;-23.285774;,
  5.094798;201.469530;-19.555416;,
  0.000000;201.365133;-16.467510;,
  0.000000;211.765773;-19.050709;,
  5.405877;211.429286;-22.114128;,
  0.000000;217.860787;-21.200115;,
  7.984515;211.000461;-26.550173;,
  5.034152;216.880333;-23.750534;,
  0.000000;221.630054;-23.729229;,
  8.732761;209.007283;-34.471763;,
  3.908208;219.635123;-24.705982;,
  0.000000;223.522739;-29.967130;,
  6.039270;217.097267;-28.073686;,
  4.343244;220.401766;-29.242400;,
  0.000000;221.512218;-39.065888;,
  6.537733;215.497267;-36.875590;,
  4.239612;218.658662;-38.421126;,
  0.000000;218.488960;-45.953056;,
  3.696597;216.198426;-45.450944;,
  2.933626;214.224230;-51.211082;,
  0.000000;216.010138;-53.258422;,
  6.210553;213.333734;-43.982429;,
  5.784730;211.638477;-48.662202;,
  6.991214;206.555622;-41.662262;,
  6.406808;205.139878;-46.154435;,
  -23.654093;39.804928;-71.716019;,
  -9.501589;-0.950875;-89.650080;,
  -25.348962;10.842214;-77.957216;,
  -9.259642;37.285443;-77.726995;,
  -7.860130;66.351853;-67.657542;,
  -21.409541;67.475430;-62.942541;,
  -6.360973;88.229318;-60.960749;,
  -18.231862;89.149638;-56.650758;,
  -5.228257;105.289363;-56.479053;,
  -31.879126;67.764013;-53.701037;,
  -25.966466;39.759315;-71.105075;,
  -16.367147;106.410630;-52.318717;,
  -31.267440;7.742179;-79.906176;,
  -35.073037;9.595763;-76.154355;,
  -3.580236;122.833229;-53.601875;,
  -44.566269;23.090378;-63.877011;,
  -26.355986;89.173523;-48.242586;,
  -38.943680;40.022627;-60.380582;,
  -45.107395;39.995229;-39.660918;,
  -59.477126;12.386235;-41.874269;,
  -46.485261;14.987389;-12.703966;,
  -34.914029;67.332141;-38.191914;,
  -38.659146;40.628598;-15.703594;,
  -26.107382;10.663406;16.202494;,
  -28.434570;88.964915;-37.116896;,
  -21.195253;39.095866;5.887430;,
  -20.146480;13.889749;18.942602;,
  0.000000;6.241975;27.283475;,
  0.000000;37.696435;13.352838;,
  -30.313254;68.225946;-18.991530;,
  -16.163320;67.965978;-3.618511;,
  0.000000;67.837510;2.411615;,
  0.000000;89.454938;-5.100077;,
  -12.411316;89.954733;-9.937096;,
  0.000000;105.672755;-9.890648;,
  -23.600739;89.802400;-21.241845;,
  -10.404943;106.170598;-14.391163;,
  0.000000;122.150144;-13.892466;,
  -23.996280;105.969491;-36.075030;,
  -8.708502;122.829376;-17.378219;,
  0.000000;136.165466;-16.479237;,
  -19.262102;106.493344;-22.082246;,
  -7.525996;136.613210;-17.965506;,
  0.000000;153.207667;-14.398186;,
  -16.883438;123.547546;-23.381443;,
  -12.525813;136.940595;-20.598419;,
  -11.439276;152.134246;-16.505075;,
  -20.473003;122.620390;-34.611213;,
  -16.905750;136.892096;-25.411474;,
  -19.940862;122.754726;-41.704506;,
  -14.249494;166.663936;-11.364271;,
  0.000000;167.949722;-11.101141;,
  0.000000;178.155405;-10.661341;,
  -22.545693;106.437555;-44.317200;,
  -14.781195;123.236326;-49.456682;,
  -18.330034;137.265638;-40.516499;,
  -13.243564;137.441869;-47.985283;,
  -2.443578;137.155904;-52.800285;,
  -2.556209;155.088166;-53.401862;,
  -12.589668;154.397043;-48.079779;,
  -4.145249;168.655910;-51.965270;,
  -18.801731;137.440013;-33.379421;,
  -19.065331;153.170074;-39.716534;,
  -14.788043;167.132160;-47.825696;,
  -14.929272;175.222707;-45.347910;,
  -4.730970;176.859635;-47.643546;,
  -20.009949;152.382502;-31.973117;,
  -22.141341;162.453491;-39.351555;,
  -18.575106;151.803968;-22.587842;,
  -22.556021;158.527194;-28.641485;,
  -21.690610;164.148774;-15.481301;,
  -22.918984;163.853120;-37.164131;,
  -23.104782;160.777907;-27.219590;,
  -24.703146;171.597197;-39.129104;,
  -23.357562;164.621107;-15.861806;,
  -22.389624;172.800512;-41.133155;,
  -26.332918;177.838502;-38.967405;,
  -18.951189;180.115110;-42.397824;,
  -21.723749;175.447373;-12.390957;,
  -24.267080;174.114726;-12.909109;,
  -21.375786;188.156326;-17.845130;,
  -28.063594;184.591450;-18.317728;,
  -14.320611;177.438810;-11.486120;,
  -15.178691;191.340378;-18.299891;,
  0.000000;192.153382;-11.034986;,
  -9.501589;-0.950874;-87.987622;,
  -23.654093;39.804931;-69.876800;,
  -25.348962;10.842214;-76.813702;,
  -9.259642;37.285443;-77.080717;,
  -7.860130;66.351853;-67.073037;,
  -21.409541;67.475430;-61.407258;,
  -6.360972;88.229318;-60.282778;,
  -18.231862;89.149638;-55.354253;,
  -5.228257;105.289363;-55.959258;,
  -30.803302;67.764013;-52.672074;,
  -25.966466;39.759312;-69.292966;,
  -16.367147;106.410630;-51.263459;,
  -3.580236;122.833229;-52.887466;,
  -35.073037;9.595768;-74.171110;,
  -31.267440;7.742178;-77.756416;,
  -44.566269;23.090378;-62.438637;,
  -37.867856;40.022627;-59.097376;,
  -44.031571;39.995229;-39.297245;,
  -58.353613;12.386234;-41.412368;,
  -45.803318;14.987387;-13.166170;,
  -33.838208;67.332141;-37.891469;,
  -37.583325;40.628602;-16.403141;,
  -26.107382;10.663406;14.086962;,
  -25.280163;89.173523;-47.405296;,
  -21.195253;39.095872;4.171446;,
  -20.146480;13.889749;16.705461;,
  0.000000;6.241974;24.676165;,
  0.000000;37.696442;11.305536;,
  -29.237430;68.225946;-19.545162;,
  -16.163320;67.965978;-4.958412;,
  0.000000;67.837510;0.804096;,
  0.000000;89.454938;-6.780070;,
  -12.411316;89.954733;-11.402420;,
  0.000000;105.672755;-10.915314;,
  -27.358742;88.964915;-36.861466;,
  -22.524915;89.802400;-21.695608;,
  -10.404943;106.170598;-15.216099;,
  0.000000;122.150144;-14.739531;,
  -21.469870;106.437555;-43.669968;,
  -22.920458;105.969491;-35.838198;,
  -18.186280;106.493344;-22.498712;,
  -8.708502;122.829376;-18.070590;,
  0.000000;136.165466;-17.211506;,
  -19.397181;122.620390;-34.429597;,
  -7.525996;136.613210;-18.631813;,
  0.000000;153.207667;-15.155670;,
  -15.151768;125.038374;-23.238797;,
  -11.879974;136.940595;-21.378178;,
  -11.504120;152.134246;-17.721363;,
  -15.829926;136.892096;-25.680189;,
  -14.323362;166.663936;-13.059346;,
  0.000000;167.949722;-12.004948;,
  0.000000;178.155405;-11.584663;,
  -17.499283;151.803968;-22.981867;,
  -14.320611;177.438810;-12.372841;,
  0.000000;191.616000;-14.491918;,
  -15.523021;190.387981;-18.745723;,
  -21.994910;187.022259;-18.148990;,
  -20.222051;164.148774;-16.881170;,
  -21.723749;175.447373;-13.766851;,
  -24.267080;174.114726;-14.262008;,
  -26.433830;184.078374;-18.291454;,
  -21.889003;164.621107;-17.244789;,
  -22.028960;160.777907;-27.408064;,
  -21.480198;158.527194;-28.766848;,
  -21.843160;163.853120;-36.911267;,
  -18.934126;152.382502;-31.950627;,
  -21.065517;162.453491;-39.001610;,
  -24.043562;171.597197;-38.789030;,
  -17.725910;137.440013;-33.259136;,
  -17.989506;153.170074;-39.337770;,
  -17.254211;137.265638;-40.055632;,
  -22.389624;172.800512;-40.704147;,
  -26.332918;177.838502;-38.967405;,
  -18.951189;180.115110;-42.397824;,
  -14.929272;175.222707;-44.731850;,
  -14.788043;167.132160;-47.099670;,
  -4.145249;168.655910;-51.055530;,
  -4.730970;176.859635;-46.925606;,
  -12.589668;154.397043;-47.296784;,
  -2.556209;155.088166;-52.383926;,
  -13.243564;137.441869;-47.130365;,
  -2.443578;137.155904;-51.732125;,
  -14.781197;123.236326;-48.514192;,
  -18.865040;122.754726;-41.167402;,
  -13.111929;108.138522;36.384218;,
  -30.744851;77.839597;49.471664;,
  -18.119947;86.852186;46.187850;,
  -32.233760;106.405075;32.515754;,
  -15.438253;130.413862;26.409365;,
  -32.320698;125.296141;19.313085;,
  -3.125551;111.012224;39.100618;,
  0.000000;111.898816;39.370627;,
  0.000000;103.475558;44.513014;,
  0.000000;131.240538;28.138893;,
  0.000000;147.227021;19.983774;,
  -16.773715;146.213734;18.243181;,
  -31.244867;140.796902;11.098650;,
  0.000000;163.812902;10.400110;,
  -18.027523;161.953280;8.028998;,
  -30.377408;157.066790;1.847044;,
  0.000000;174.391245;3.240335;,
  -22.614730;172.241395;-1.475395;,
  -32.110182;167.986662;-5.971290;,
  -13.903904;173.967360;1.022974;,
  -35.680707;178.239014;-13.239803;,
  0.000000;185.268250;-4.570398;,
  -25.983674;181.783398;-11.050413;,
  -8.864711;186.947827;-8.013306;,
  0.000000;192.591808;-10.060122;,
  -18.102765;184.987430;-9.445425;,
  -28.063594;186.909542;-17.761933;,
  -38.239699;186.466406;-18.391712;,
  -40.463894;188.567885;-25.984520;,
  -21.375786;189.425997;-17.845130;,
  -29.847539;189.059738;-26.929632;,
  -34.565709;183.395840;-35.109878;,
  -15.595680;192.610048;-18.299891;,
  -27.228992;185.011149;-36.848854;,
  -30.104419;176.312947;-40.120358;,
  -23.933446;190.542221;-26.711024;,
  -15.693086;193.689357;-29.080477;,
  -12.863674;194.431117;-19.899098;,
  -22.003363;186.922534;-37.432720;,
  -25.667581;179.475763;-42.509949;,
  -26.702173;169.832013;-43.145002;,
  -23.756974;172.432819;-45.748170;,
  -25.750349;159.934976;-46.858666;,
  -21.732739;162.659955;-50.255408;,
  -17.591506;163.858662;-52.050653;,
  -20.080019;181.667776;-44.135533;,
  -18.483117;174.656755;-47.602128;,
  -9.558446;169.910246;-52.269600;,
  -9.266779;165.431488;-53.835635;,
  -9.997275;176.648806;-49.913414;,
  -13.087833;189.371853;-39.152534;,
  -11.050317;183.484058;-45.861293;,
  -6.536476;184.454080;-46.984173;,
  -5.285959;177.144205;-49.660477;,
  -3.608255;169.107315;-52.952598;,
  -4.014916;177.154586;-49.452842;,
  -4.541482;184.588045;-47.034931;,
  -3.621168;168.305997;-55.107347;,
  0.000000;168.809101;-53.267290;,
  -3.470910;166.553370;-53.745914;,
  0.000000;167.864870;-55.177222;,
  0.000000;166.292378;-53.845728;,
  -7.583214;196.151155;-44.400266;,
  -5.755404;196.565069;-44.799485;,
  -7.958312;188.522445;-42.646346;,
  -10.271353;192.328448;-38.568995;,
  -7.468914;205.338560;-45.653466;,
  -6.406808;205.139878;-46.154435;,
  -5.784730;211.638477;-48.662202;,
  -12.747017;195.169510;-30.402669;,
  -8.933631;197.435200;-38.915744;,
  -10.850062;201.187930;-23.520432;,
  -11.229098;199.682445;-31.818842;,
  -9.996492;208.967053;-34.746816;,
  -7.292843;193.524275;-13.401844;,
  -6.070006;201.537549;-18.235774;,
  0.000000;201.433152;-15.175179;,
  0.000000;212.067123;-17.982974;,
  -5.405877;211.730637;-21.046394;,
  0.000000;219.130445;-20.512032;,
  -9.248247;210.960230;-26.825226;,
  -5.034152;218.150016;-23.062446;,
  0.000000;222.899712;-23.729229;,
  -3.908207;220.904806;-24.705982;,
  0.000000;224.792397;-29.967130;,
  -7.303002;217.437491;-28.273990;,
  -4.343244;221.671475;-29.242400;,
  0.000000;222.781901;-39.065888;,
  -7.801465;215.837517;-37.075898;,
  -4.239612;219.928320;-38.421126;,
  0.000000;219.758643;-45.953056;,
  -8.254945;206.515392;-41.937318;,
  -3.696598;217.468083;-45.450944;,
  0.000000;217.286170;-51.152419;,
  -7.474285;213.673984;-44.182736;,
  -3.394461;215.545907;-50.028275;,
  -2.933626;214.224230;-51.211082;,
  0.000000;216.010138;-53.258422;,
