xof 0303txt 0032
template ColorRGBA {
 <35ff44e0-6c7c-11cf-8f52-0040333594a3>
 FLOAT red;
 FLOAT green;
 FLOAT blue;
 FLOAT alpha;
}

template ColorRGB {
 <d3e16e81-7835-11cf-8f52-0040333594a3>
 FLOAT red;
 FLOAT green;
 FLOAT blue;
}

template Material {
 <3d82ab4d-62da-11cf-ab39-0020af71e433>
 ColorRGBA faceColor;
 FLOAT power;
 ColorRGB specularColor;
 ColorRGB emissiveColor;
 [...]
}

template TextureFilename {
 <a42790e1-7810-11cf-8f52-0040333594a3>
 STRING filename;
}

template Frame {
 <3d82ab46-62da-11cf-ab39-0020af71e433>
 [...]
}

template Matrix4x4 {
 <f6f23f45-7686-11cf-8f52-0040333594a3>
 array FLOAT matrix[16];
}

template FrameTransformMatrix {
 <f6f23f41-7686-11cf-8f52-0040333594a3>
 Matrix4x4 frameMatrix;
}

template Vector {
 <3d82ab5e-62da-11cf-ab39-0020af71e433>
 FLOAT x;
 FLOAT y;
 FLOAT z;
}

template MeshFace {
 <3d82ab5f-62da-11cf-ab39-0020af71e433>
 DWORD nFaceVertexIndices;
 array DWORD faceVertexIndices[nFaceVertexIndices];
}

template Mesh {
 <3d82ab44-62da-11cf-ab39-0020af71e433>
 DWORD nVertices;
 array Vector vertices[nVertices];
 DWORD nFaces;
 array MeshFace faces[nFaces];
 [...]
}

template MeshNormals {
 <f6f23f43-7686-11cf-8f52-0040333594a3>
 DWORD nNormals;
 array Vector normals[nNormals];
 DWORD nFaceNormals;
 array MeshFace faceNormals[nFaceNormals];
}

template MeshMaterialList {
 <f6f23f42-7686-11cf-8f52-0040333594a3>
 DWORD nMaterials;
 DWORD nFaceIndexes;
 array DWORD faceIndexes[nFaceIndexes];
 [Material <3d82ab4d-62da-11cf-ab39-0020af71e433>]
}

template Coords2d {
 <f6f23f44-7686-11cf-8f52-0040333594a3>
 FLOAT u;
 FLOAT v;
}

template MeshTextureCoords {
 <f6f23f40-7686-11cf-8f52-0040333594a3>
 DWORD nTextureCoords;
 array Coords2d textureCoords[nTextureCoords];
}

template XSkinMeshHeader {
 <3cf169ce-ff7c-44ab-93c0-f78f62d172e2>
 WORD nMaxSkinWeightsPerVertex;
 WORD nMaxSkinWeightsPerFace;
 WORD nBones;
}

template SkinWeights {
 <6f0d123b-bad2-4167-a0d0-80224f25fabb>
 STRING transformNodeName;
 DWORD nWeights;
 array DWORD vertexIndices[nWeights];
 array FLOAT weights[nWeights];
 Matrix4x4 matrixOffset;
}

template AnimTicksPerSecond {
 <9e415a43-7ba6-4a73-8743-b73d47e88476>
 DWORD AnimTicksPerSecond;
}

template Animation {
 <3d82ab4f-62da-11cf-ab39-0020af71e433>
 [...]
}

template AnimationSet {
 <3d82ab50-62da-11cf-ab39-0020af71e433>
 [Animation <3d82ab4f-62da-11cf-ab39-0020af71e433>]
}

template FloatKeys {
 <10dd46a9-775b-11cf-8f52-0040333594a3>
 DWORD nValues;
 array FLOAT values[nValues];
}

template TimedFloatKeys {
 <f406b180-7b3b-11cf-8f52-0040333594a3>
 DWORD time;
 FloatKeys tfkeys;
}

template AnimationKey {
 <10dd46a8-775b-11cf-8f52-0040333594a3>
 DWORD keyType;
 DWORD nKeys;
 array TimedFloatKeys keys[nKeys];
}


Material m_kerberos01 {
 1.000000;1.000000;1.000000;1.000000;;
 10.000000;
 0.000000;0.000000;0.000000;;
 0.000000;0.000000;0.000000;;

 TextureFilename {
  "t_kerberos01_df.tga";
 }
}

Frame bip001 {
 

 FrameTransformMatrix {
  -0.000638,-0.991717,0.128438,0.000000,0.007342,-0.128440,-0.991690,0.000000,0.999973,0.000311,0.007363,0.000000,0.000004,175.224704,101.400550,1.000000;;
 }

 Frame bip001-pelvis {
  

  FrameTransformMatrix {
   -0.063360,0.990587,-0.121335,0.000000,0.029086,0.123361,0.991935,0.000000,0.997567,0.059320,-0.036629,0.000000,0.000000,0.000000,0.000000,1.000000;;
  }

  Frame bip001-spine {
   

   FrameTransformMatrix {
    0.988381,0.117177,0.096813,0.000000,-0.117316,0.993086,-0.004271,0.000000,-0.096644,-0.007137,0.995293,0.000000,55.260173,7.079886,8.630279,1.000000;;
   }

   Frame bip001-spine1 {
    

    FrameTransformMatrix {
     0.997876,0.003297,-0.065059,0.000000,-0.004045,0.999928,-0.011363,0.000000,0.065017,0.011602,0.997817,0.000000,65.912218,-0.001272,-0.109375,1.000000;;
    }

    Frame bip001-neck {
     

     FrameTransformMatrix {
      0.822677,0.040198,-0.567087,0.000000,-0.040530,0.999106,0.012025,0.000000,0.567063,0.013091,0.823570,0.000000,132.497242,-0.000499,-58.285280,1.000000;;
     }

     Frame bip001-l-clavicle {
      

      FrameTransformMatrix {
       0.040199,0.999106,0.013089,0.000000,0.823128,-0.040539,0.566407,0.000000,0.566432,-0.011995,-0.824022,0.000000,-75.732909,24.657757,2.280724,1.000000;;
      }

      Frame bip001-l-upperarm {
       

       FrameTransformMatrix {
        0.142962,-0.619406,-0.771945,0.000000,0.937975,-0.164119,0.305399,0.000000,-0.315857,-0.767725,0.557525,0.000000,55.291565,0.000008,-0.000031,1.000000;;
       }

       Frame bip001-l-forearm {
        

        FrameTransformMatrix {
         -0.076059,0.000000,-0.997103,0.000000,-0.000000,1.000000,0.000000,0.000000,0.997103,0.000000,-0.076059,0.000000,106.821152,0.000000,0.000015,1.000000;;
        }

        Frame bip001-l-hand {
         

         FrameTransformMatrix {
          0.788027,-0.100007,-0.607464,0.000000,0.263531,0.946543,0.186034,0.000000,0.556386,-0.306685,0.772256,0.000000,106.217050,0.000000,0.000004,1.000000;;
         }

         Frame bip001-l-finger0 {
          

          FrameTransformMatrix {
           1.000000,0.000000,0.000000,0.000000,-0.000000,0.999948,0.010192,0.000000,-0.000000,-0.010192,0.999948,0.000000,47.861792,-0.120865,3.399016,1.000000;;
          }
         }
        }
       }
      }
     }

     Frame bip001-r-clavicle {
      

      FrameTransformMatrix {
       -0.040199,-0.999106,-0.013089,0.000000,-0.823128,0.040539,-0.566407,0.000000,0.566431,-0.011995,-0.824022,0.000000,-77.471194,-18.545224,1.714745,1.000000;;
      }

      Frame bip001-r-upperarm {
       

       FrameTransformMatrix {
        0.163226,0.607141,-0.777649,0.000000,-0.949765,-0.116639,-0.290417,0.000000,-0.267028,0.785987,0.557603,0.000000,55.291558,0.000008,-0.000015,1.000000;;
       }

       Frame bip001-r-forearm {
        

        FrameTransformMatrix {
         -0.023396,-0.000000,-0.999726,0.000000,-0.000000,1.000000,0.000000,0.000000,0.999726,-0.000000,-0.023395,0.000000,106.821146,0.000000,0.000011,1.000000;;
        }

        Frame bip001-r-hand {
         

         FrameTransformMatrix {
          0.765368,0.076660,-0.639011,0.000000,-0.265960,0.941811,-0.205566,0.000000,0.586069,0.327285,0.741221,0.000000,106.217043,0.000008,0.000004,1.000000;;
         }

         Frame bip001-r-finger0 {
          

          FrameTransformMatrix {
           1.000000,0.000000,-0.000000,0.000000,-0.000000,0.999948,-0.010192,0.000000,-0.000000,0.010192,0.999948,0.000000,47.861763,0.120842,3.399016,1.000000;;
          }
         }
        }
       }
      }
     }

     Frame bip001-head {
      

      FrameTransformMatrix {
       0.977573,-0.123198,-0.170804,0.000000,0.129357,0.991274,0.025365,0.000000,0.166188,-0.046891,0.984979,0.000000,44.534698,0.000001,19.937714,1.000000;;
      }

      Frame mouth_bone_01 {
       

       FrameTransformMatrix {
        0.606042,0.000217,0.795432,0.000000,-0.000217,-1.000000,0.000437,0.000000,0.795432,-0.000438,-0.606042,0.000000,46.138826,-0.000412,50.580621,1.000000;;
       }
      }
     }
    }

    Frame head_r_bone_01 {
     

     FrameTransformMatrix {
      0.769820,-0.562069,0.302416,0.000000,0.161742,-0.286554,-0.944312,0.000000,0.617427,0.775865,-0.129685,0.000000,115.935590,-64.429395,-31.111571,1.000000;;
     }

     Frame head_r_bone_02 {
      

      FrameTransformMatrix {
       0.699606,0.629551,0.337962,0.000000,-0.460865,0.759024,-0.459876,0.000000,-0.546036,0.165977,0.821156,0.000000,73.054899,0.000000,-0.000004,1.000000;;
      }

      Frame mouth_r_bone_01 {
       

       FrameTransformMatrix {
        0.768283,-0.639953,0.014223,0.000000,-0.003627,0.017868,0.999834,0.000000,-0.640101,-0.768207,0.011406,0.000000,21.030122,-21.698429,0.024059,1.000000;;
       }
      }
     }
    }

    Frame head_l_bone_01 {
     

     FrameTransformMatrix {
      0.875101,0.405516,0.264111,0.000000,0.204570,0.184621,-0.961284,0.000000,-0.438576,0.895250,0.078606,0.000000,115.935757,64.429018,-31.111923,1.000000;;
     }

     Frame head_l_bone_02 {
      

      FrameTransformMatrix {
       0.928464,0.361289,-0.086165,0.000000,-0.363755,0.931385,-0.014327,0.000000,0.075076,0.044645,0.996178,0.000000,73.054899,-0.000015,0.000013,1.000000;;
      }

      Frame mouth_l_bone_01 {
       

       FrameTransformMatrix {
        0.768283,-0.639953,-0.014223,0.000000,-0.003626,0.017869,-0.999834,0.000000,0.640101,0.768206,0.011407,0.000000,21.029877,-21.698486,-0.024591,1.000000;;
       }
      }
     }
    }
   }

   Frame bip001-l-thigh {
    

    FrameTransformMatrix {
     -0.685605,0.029386,0.727380,0.000000,-0.119092,0.981196,-0.151892,0.000000,-0.718166,-0.190763,-0.669213,0.000000,-50.632774,47.377395,-3.542648,1.000000;;
    }

    Frame bip001-l-calf {
     

     FrameTransformMatrix {
      0.220439,0.000000,-0.975401,0.000000,0.000000,1.000000,0.000000,0.000000,0.975401,0.000000,0.220439,0.000000,127.620723,0.000008,0.000031,1.000000;;
     }

     Frame bip001-l-foot {
      

      FrameTransformMatrix {
       0.881432,-0.089705,0.463715,0.000000,-0.033410,-0.991181,-0.128238,0.000000,0.471129,0.097541,-0.876655,0.000000,80.800653,0.000008,0.000031,1.000000;;
      }

      Frame bip001-l-toe0 {
       

       FrameTransformMatrix {
        0.000000,-0.000000,1.000000,0.000000,0.000000,1.000000,0.000000,0.000000,-1.000000,0.000000,-0.000000,0.000000,21.308099,0.000000,31.139808,1.000000;;
       }
      }
     }
    }
   }

   Frame bip001-r-thigh {
    

    FrameTransformMatrix {
     -0.634700,0.011074,0.772679,0.000000,0.109075,0.991170,0.075392,0.000000,-0.765022,0.132131,-0.630304,0.000000,-61.933619,-48.399738,-2.854477,1.000000;;
    }

    Frame bip001-r-calf {
     

     FrameTransformMatrix {
      0.217433,-0.000000,-0.976075,0.000000,-0.000000,1.000000,0.000000,0.000000,0.976075,0.000000,0.217434,0.000000,127.620685,0.000000,0.000015,1.000000;;
     }

     Frame bip001-r-foot {
      

      FrameTransformMatrix {
       0.847450,0.076627,0.525316,0.000000,0.008465,-0.991353,0.130951,0.000000,0.530808,-0.106527,-0.840771,0.000000,80.800627,0.000008,0.000015,1.000000;;
      }

      Frame bip001-r-toe0 {
       

       FrameTransformMatrix {
        -0.000000,0.000000,1.000000,0.000000,0.000000,1.000000,-0.000000,0.000000,-1.000000,0.000000,-0.000000,0.000000,21.308094,0.000008,31.139856,1.000000;;
       }
      }
     }
    }
   }
  }

  Frame tail_bone_01 {
   

   FrameTransformMatrix {
    -0.862547,0.224804,0.453295,0.000000,0.240082,0.970445,-0.024439,0.000000,-0.445392,0.087749,-0.891026,0.000000,-38.567322,0.000027,-31.544432,1.000000;;
   }

   Frame tail_bone_02 {
    

    FrameTransformMatrix {
     0.886154,-0.008167,-0.463319,0.000000,0.006919,0.999966,-0.004394,0.000000,0.463339,0.000688,0.886181,0.000000,76.385146,0.000015,0.000000,1.000000;;
    }

    Frame tail_bone_03 {
     

     FrameTransformMatrix {
      0.992608,-0.119378,-0.021871,0.000000,0.119349,0.992849,-0.002602,0.000000,0.022025,-0.000027,0.999757,0.000000,76.070842,0.000019,-0.000031,1.000000;;
     }
    }
   }
  }
 }
}

Frame kerberos01 {
 

 FrameTransformMatrix {
  1.000000,0.000000,0.000000,0.000000,0.000000,1.000000,0.000000,0.000000,0.000000,0.000000,1.000000,0.000000,0.000000,0.000000,0.000000,1.000000;;
 }

 Mesh kerberos01 {
  3118;
  30.487603;196.255987;-149.119578;,
  29.284822;221.298381;-164.058893;,
  33.688768;228.072704;-162.454042;,
  119.390349;178.753523;-224.189261;,
  119.447437;182.073894;-224.697779;,
  120.195226;177.197018;-223.517466;,
  98.573370;177.197005;-236.000896;,
  96.859130;187.752960;-231.631283;,
  98.514784;182.632384;-233.950131;,
  99.969421;182.073882;-235.943398;,
  98.573370;177.197005;-236.000896;,
  98.514784;182.632384;-233.950131;,
  99.557619;178.753510;-235.639654;,
  98.573370;177.197005;-236.000896;,
  99.969421;182.073882;-235.943398;,
  -30.488019;196.255987;-149.119578;,
  -33.689178;228.072704;-162.454042;,
  -29.285229;221.298381;-164.058893;,
  -119.390758;178.753523;-224.189312;,
  -120.195622;177.197018;-223.517542;,
  -119.447846;182.073894;-224.697805;,
  -98.573760;177.197005;-236.000922;,
  -98.515174;182.632384;-233.950131;,
  -96.859526;187.752960;-231.631334;,
  -99.969818;182.073882;-235.943424;,
  -98.515174;182.632384;-233.950131;,
  -98.573760;177.197005;-236.000922;,
  -99.558029;178.753510;-235.639706;,
  -99.969818;182.073882;-235.943424;,
  -98.573760;177.197005;-236.000922;,
  110.875277;180.978445;-232.341606;,
  116.755930;188.324621;-223.727693;,
  109.198605;186.922867;-228.018458;,
  116.755930;188.324621;-223.727693;,
  110.875277;180.978445;-232.341606;,
  117.909606;185.765478;-228.786816;,
  -110.875277;180.978445;-232.341606;,
  -109.198605;186.922867;-228.018458;,
  -116.755930;188.324621;-223.727693;,
  -116.755930;188.324621;-223.727693;,
  -117.909606;185.765478;-228.786816;,
  -110.875277;180.978445;-232.341606;,
  51.752525;262.822426;-45.893037;,
  -0.000229;286.137165;3.261893;,
  62.747142;266.349389;-4.281541;,
  -0.000221;277.347942;-46.764490;,
  29.715712;197.019123;-204.216205;,
  -0.000194;199.368640;-224.541491;,
  20.842827;205.693402;-224.242432;,
  -0.000197;184.716160;-204.721754;,
  -51.752957;262.822426;-45.893078;,
  -0.000229;286.137165;3.261893;,
  -0.000221;277.347942;-46.764490;,
  -62.747603;266.349389;-4.281567;,
  -0.000197;184.716160;-204.721754;,
  -20.843214;205.693402;-224.242432;,
  -0.000194;199.368640;-224.541491;,
  -29.716102;197.019123;-204.216205;,
  57.365690;267.568845;-67.327558;,
  -0.014259;294.653389;-1.229645;,
  56.326093;273.844173;-11.583625;,
  -0.014251;284.058598;-62.615712;,
  -0.014251;284.058598;-62.615712;,
  -56.354618;273.844173;-11.583653;,
  -0.014259;294.653389;-1.229645;,
  -57.394138;267.568845;-67.327571;,
  -0.000221;258.698368;56.709472;,
  32.160870;270.088218;97.412614;,
  40.895568;253.479578;65.849741;,
  -0.000226;281.884774;89.188563;,
  27.169270;256.000154;80.555354;,
  0.053272;282.281421;105.684352;,
  31.129251;268.878899;111.887910;,
  0.053276;262.802074;78.156019;,
  -0.000210;265.048064;-15.177675;,
  28.837344;260.624358;23.489963;,
  25.855758;257.059379;-12.696565;,
  -0.000216;278.458598;27.502381;,
  -0.117235;253.169024;17.140608;,
  37.903968;256.087526;57.206720;,
  29.243280;247.064550;20.679757;,
  -0.117240;273.902618;52.717494;,
  24.642160;248.549786;44.496422;,
  0.087884;278.126669;68.938214;,
  31.163878;272.854656;79.603981;,
  0.087888;254.282982;36.794365;,
  -0.000207;270.424243;-29.724176;,
  33.014163;267.160909;11.299633;,
  36.949274;261.983770;-28.876074;,
  -0.000213;281.822490;12.650746;,
  22.777374;252.156134;-0.938755;,
  0.100892;271.889459;37.026726;,
  30.261248;257.620941;36.683766;,
  0.100898;259.455718;-4.753440;,
  -0.000226;263.157453;92.502118;,
  37.052150;265.883750;132.662502;,
  33.903782;255.281562;96.463462;,
  -0.000232;276.789683;127.321562;,
  27.169254;253.298714;112.764672;,
  0.053266;271.226214;140.076019;,
  31.129251;255.200051;146.083072;,
  0.053271;262.219494;110.023526;,
  -32.161334;270.088218;97.412589;,
  -0.000221;258.698368;56.709472;,
  -40.896013;253.479578;65.849722;,
  -0.000226;281.884774;89.188563;,
  0.053276;262.802074;78.156019;,
  -31.022723;268.878899;111.887949;,
  0.053272;282.281421;105.684352;,
  -27.062698;256.000154;80.555334;,
  -28.837779;260.624358;23.489971;,
  -0.000210;265.048064;-15.177675;,
  -25.856166;257.059379;-12.696562;,
  -0.000216;278.458598;27.502381;,
  -0.117240;273.902618;52.717494;,
  -29.477741;247.064550;20.679757;,
  -38.138458;256.087526;57.206720;,
  -0.117235;253.169024;17.140608;,
  0.087888;254.282982;36.794365;,
  -30.988102;272.854656;79.603974;,
  0.087884;278.126669;68.938214;,
  -24.466397;248.549786;44.496432;,
  -33.014589;267.160909;11.299622;,
  -0.000207;270.424243;-29.724176;,
  -36.949686;261.983770;-28.876083;,
  -0.000213;281.822490;12.650746;,
  0.100898;259.455718;-4.753440;,
  -30.059482;257.620941;36.683779;,
  0.100892;271.889459;37.026726;,
  -22.575579;252.156134;-0.938750;,
  -37.052662;265.883750;132.662579;,
  -0.000226;263.157453;92.502118;,
  -33.904237;255.281562;96.463456;,
  -0.000232;276.789683;127.321562;,
  0.053271;262.219494;110.023526;,
  -31.022736;255.200051;146.083085;,
  0.053266;271.226214;140.076019;,
  -27.062710;253.298714;112.764659;,
  91.302854;189.840883;-197.465306;,
  110.975130;193.837504;-167.971802;,
  81.159078;175.188416;-180.438067;,
  113.601818;202.767091;-189.717504;,
  81.159078;175.188416;-180.438067;,
  75.293613;202.066227;-214.891597;,
  91.302854;189.840883;-197.465306;,
  57.421370;193.136640;-202.228186;,
  50.656861;288.279091;-129.695181;,
  42.135830;315.616077;-66.114022;,
  73.869645;279.279309;-117.385869;,
  8.528181;313.513958;-90.801581;,
  -110.975130;193.837504;-167.971802;,
  -91.302854;189.840883;-197.465306;,
  -81.159078;175.188416;-180.438067;,
  -113.601818;202.767091;-189.717504;,
  -75.293613;202.066227;-214.891597;,
  -81.159078;175.188416;-180.438067;,
  -91.302854;189.840883;-197.465306;,
  -57.421370;193.136640;-202.228186;,
  -50.656861;288.279091;-129.695181;,
  -73.869645;279.279309;-117.385869;,
  -42.135830;315.616077;-66.114022;,
  -8.528181;313.513958;-90.801581;,
  70.995059;-2.427671;104.047981;,
  73.405638;3.836137;120.862170;,
  66.522758;3.968349;120.754330;,
  62.000045;-1.147378;130.958144;,
  77.223494;-1.783568;132.396672;,
  49.824307;0.023486;145.337818;,
  49.905786;1.042268;134.818035;,
  56.408467;4.212040;119.427981;,
  49.192096;4.328930;120.323392;,
  51.873872;-1.722562;104.004640;,
  85.699533;-1.024634;149.427110;,
  89.201677;-0.776615;138.530483;,
  83.019859;2.698531;122.463117;,
  89.656621;1.352224;123.328422;,
  88.289888;-4.126264;106.124262;,
  65.439520;4.198229;162.618573;,
  53.919565;6.816426;158.358746;,
  57.313088;19.710013;166.822195;,
  92.428858;7.539214;136.884954;,
  67.669914;17.879798;169.754381;,
  90.254899;6.516841;125.616205;,
  89.656621;1.352224;123.328422;,
  66.596115;21.308982;175.578227;,
  59.548237;23.147726;175.373798;,
  92.867507;8.362109;116.132864;,
  88.289888;-4.126264;106.124262;,
  87.994643;12.501870;114.150579;,
  82.405926;9.210273;114.380531;,
  83.019859;2.698531;122.463117;,
  86.136314;10.842199;125.818202;,
  84.877037;16.388725;134.324736;,
  82.038938;7.541481;123.984141;,
  77.932435;5.761781;127.694771;,
  77.223494;-1.783568;132.396672;,
  73.405638;3.836137;120.862170;,
  77.189811;14.611379;135.095462;,
  81.869018;17.298014;149.947149;,
  73.796602;7.601914;122.370483;,
  75.999213;10.036646;112.430362;,
  70.995059;-2.427671;104.047981;,
  70.434451;13.796250;111.426061;,
  70.062822;11.775736;123.338534;,
  65.071411;9.943298;112.018086;,
  66.522758;3.968349;120.754330;,
  66.575462;7.901408;122.317120;,
  62.473536;7.231898;126.243699;,
  62.000045;-1.147378;130.958144;,
  56.408467;4.212040;119.427981;,
  62.054624;15.531138;132.514202;,
  69.728762;19.671512;131.378266;,
  67.317293;20.828064;143.590976;,
  57.502810;8.483770;120.949286;,
  57.886656;10.756642;111.260326;,
  51.873872;-1.722562;104.004640;,
  52.053347;14.476896;111.257856;,
  53.644269;12.440423;122.967104;,
  46.964250;10.833461;112.697485;,
  49.192096;4.328930;120.323392;,
  49.126298;8.605306;122.248294;,
  47.098854;9.567758;132.210560;,
  49.905786;1.042268;134.818035;,
  49.824307;0.023486;145.337818;,
  54.426195;17.570456;130.263616;,
  53.793101;17.381848;147.858099;,
  53.919565;6.816426;158.358746;,
  57.313088;19.710013;166.822195;,
  53.793171;27.624477;162.732800;,
  64.690208;30.877882;150.728512;,
  63.725280;38.028218;151.782656;,
  53.049178;37.860819;163.619891;,
  74.635539;29.286339;160.630899;,
  71.583949;39.739130;161.164877;,
  58.010694;73.313696;148.071731;,
  45.825072;73.669926;162.502170;,
  40.338586;84.512934;159.016678;,
  56.184371;83.375987;144.777395;,
  40.369770;91.573094;150.389926;,
  65.839341;89.815776;152.289510;,
  55.536973;88.556666;140.697958;,
  40.790950;103.877990;118.266483;,
  36.328218;108.918387;134.821888;,
  69.396384;77.486822;156.695770;,
  34.125379;123.907136;96.499309;,
  30.145619;129.197875;122.978381;,
  21.934781;153.993101;125.774234;,
  53.342870;101.303635;106.866758;,
  25.647955;146.291776;87.879379;,
  53.894445;120.036493;76.253325;,
  69.319430;107.218797;110.283533;,
  16.757930;165.907712;86.151552;,
  16.365286;173.924954;122.572864;,
  -0.000019;179.248397;126.300570;,
  -0.000013;168.394086;86.090438;,
  41.313149;177.681715;55.910886;,
  30.324006;178.979584;40.804515;,
  -0.000007;166.577664;43.051808;,
  49.065142;153.382554;64.105216;,
  48.326662;191.087232;56.340998;,
  73.249574;166.290522;73.513069;,
  75.075635;128.164493;86.594445;,
  76.319450;175.538726;108.674803;,
  76.511610;138.039693;111.168934;,
  65.046784;212.044096;65.656614;,
  72.334784;114.352000;126.226138;,
  46.512029;229.674675;37.882429;,
  65.954522;96.364794;144.739238;,
  43.639162;195.312640;38.572717;,
  62.827770;101.290144;158.055040;,
  51.348179;192.623744;0.821808;,
  64.758829;118.204557;142.165798;,
  63.540205;96.680826;173.006054;,
  67.349965;139.011430;127.829286;,
  65.399162;78.591347;171.488512;,
  67.819296;175.431002;131.608218;,
  47.587798;136.858714;131.953216;,
  70.585958;214.162701;110.782323;,
  43.419869;167.433741;141.762445;,
  49.618909;117.976102;148.103283;,
  30.145619;129.197875;122.978381;,
  36.328218;108.918387;134.821888;,
  21.934781;153.993101;125.774234;,
  40.369770;91.573094;150.389926;,
  51.062819;106.725741;164.425357;,
  51.273933;97.781402;179.974272;,
  40.338586;84.512934;159.016678;,
  45.825072;73.669926;162.502170;,
  54.483270;75.967782;177.298458;,
  53.049178;37.860819;163.619891;,
  69.258278;40.523747;172.725299;,
  60.748000;39.999251;178.865280;,
  56.290816;29.853430;172.017882;,
  53.793171;27.624477;162.732800;,
  57.313088;19.710013;166.822195;,
  59.548237;23.147726;175.373798;,
  62.303654;34.735440;180.004557;,
  72.573427;31.330045;174.206912;,
  60.820736;25.035955;182.303590;,
  66.596115;21.308982;175.578227;,
  65.404416;22.231603;180.014592;,
  65.313082;17.533578;186.725146;,
  63.779136;28.344742;185.320973;,
  68.500077;25.543726;182.253542;,
  65.404416;22.231603;180.014592;,
  71.343610;24.532530;176.172979;,
  75.701120;19.692230;167.377894;,
  80.098714;6.330246;161.584230;,
  100.136621;5.937336;-132.827149;,
  90.210470;5.627804;-134.766618;,
  100.269216;0.193481;-151.072461;,
  97.755136;0.156779;-114.813146;,
  82.865978;0.678514;-118.923213;,
  116.907981;6.114316;-125.629274;,
  109.493875;6.505702;-128.222566;,
  120.923008;-0.036168;-143.680499;,
  112.493338;1.832637;-107.552013;,
  106.033773;1.843555;-96.194982;,
  113.832730;13.815182;-108.422746;,
  116.907981;6.114316;-125.629274;,
  68.751200;-0.138034;-104.749594;,
  67.277850;0.509771;-119.429530;,
  69.445594;5.390351;-134.942989;,
  79.038835;5.163098;-134.395507;,
  75.792794;-0.003613;-153.037120;,
  84.185504;0.694336;-78.729357;,
  70.576307;3.784736;-84.111738;,
  99.093178;4.549908;-79.768454;,
  83.289933;13.248544;-69.539693;,
  73.253491;18.338437;-73.509210;,
  102.210054;17.671834;-90.707110;,
  82.421389;17.266502;-62.641325;,
  73.748218;21.221918;-63.203514;,
  93.088403;18.898352;-70.606080;,
  89.650733;22.103163;-61.223283;,
  81.217664;20.213859;-56.796538;,
  85.524973;24.121405;-51.580838;,
  80.393530;12.329254;-45.366141;,
  91.534419;32.529190;-59.764461;,
  78.836966;28.544928;-48.725328;,
  74.737562;23.052573;-52.845462;,
  81.217664;20.213859;-56.796538;,
  73.748218;21.221918;-63.203514;,
  82.421389;17.266502;-62.641325;,
  69.050854;31.842099;-62.919270;,
  78.108691;38.376714;-54.969178;,
  67.521235;45.433408;-62.736730;,
  94.683104;33.593440;-79.494278;,
  89.782176;45.468246;-57.641747;,
  77.521485;46.152592;-53.420544;,
  75.323379;93.561722;-36.838349;,
  59.012902;93.493837;-47.102067;,
  60.138266;114.635187;-43.618771;,
  96.051155;93.816730;-44.006134;,
  94.133542;48.166800;-75.685587;,
  75.796678;113.836864;-32.090518;,
  66.405818;124.421402;-34.248515;,
  58.266080;130.192794;-51.881107;,
  92.733190;113.161741;-40.640166;,
  64.230547;133.821568;-36.909965;,
  93.041261;123.187686;-39.572688;,
  57.869958;152.793293;-45.975971;,
  51.178851;145.023859;-67.758925;,
  74.240314;136.319987;-29.577757;,
  75.600378;125.017293;-25.774949;,
  72.542086;156.544230;-37.004605;,
  60.956090;174.584730;-41.230218;,
  91.975232;134.109888;-40.896733;,
  87.727328;154.137037;-40.334096;,
  70.340941;180.503910;-38.652496;,
  71.597498;204.424666;-40.966819;,
  66.908096;196.884518;-32.898515;,
  68.357856;214.560576;-25.916565;,
  68.020819;243.813914;-53.618234;,
  87.874765;208.285350;-56.238118;,
  90.379354;176.637325;-41.656730;,
  77.244576;251.963034;-90.964339;,
  69.621133;263.729229;-81.815955;,
  84.161261;233.408384;-76.847776;,
  86.689498;244.523648;-117.532237;,
  101.788672;167.375117;-58.759629;,
  99.617133;197.795315;-76.270976;,
  94.112845;223.920998;-101.265958;,
  85.322022;234.577664;-128.609446;,
  97.113587;149.993498;-48.776944;,
  85.291763;209.160064;-128.172390;,
  78.799142;213.772480;-137.914829;,
  66.643565;199.630656;-140.098598;,
  94.041542;132.709747;-65.534355;,
  92.663232;181.262848;-109.234598;,
  68.692429;169.651840;-121.447475;,
  49.613411;186.949850;-134.507968;,
  46.568176;173.363507;-130.498458;,
  95.846285;154.128051;-88.372794;,
  53.875789;147.568883;-109.427251;,
  48.075357;154.801011;-113.300186;,
  75.143258;145.679949;-101.033690;,
  75.321107;128.775974;-81.119136;,
  57.677798;128.757082;-72.812973;,
  51.178851;145.023859;-67.758925;,
  58.266080;130.192794;-51.881107;,
  59.134080;118.858624;-70.668506;,
  60.138266;114.635187;-43.618771;,
  77.159149;121.880947;-79.776307;,
  59.226234;96.429158;-75.782797;,
  59.012902;93.493837;-47.102067;,
  80.753638;98.035910;-86.449914;,
  97.476442;120.647757;-65.064570;,
  98.219744;95.827654;-68.580755;,
  84.629555;51.378115;-89.151168;,
  69.304512;50.037114;-81.376992;,
  67.521235;45.433408;-62.736730;,
  85.497958;36.650864;-91.795443;,
  71.231366;33.620003;-84.087494;,
  69.050854;31.842099;-62.919270;,
  87.819392;22.671878;-100.505786;,
  73.253491;18.338437;-73.509210;,
  73.748218;21.221918;-63.203514;,
  70.530170;17.546629;-97.147904;,
  70.576307;3.784736;-84.111738;,
  68.751200;-0.138034;-104.749594;,
  65.603757;11.763486;-119.941440;,
  67.277850;0.509771;-119.429530;,
  74.985811;22.154858;-119.858829;,
  68.730426;11.528282;-132.181376;,
  69.445594;5.390351;-134.942989;,
  74.534643;16.905539;-129.492416;,
  82.436333;19.504048;-116.033869;,
  67.732890;12.970822;-142.532685;,
  75.792794;-0.003613;-153.037120;,
  74.690099;18.709869;-143.463488;,
  81.629267;13.254586;-141.924826;,
  79.038835;5.163098;-134.395507;,
  80.237485;11.822668;-131.929907;,
  84.650650;9.309600;-126.243571;,
  82.865978;0.678514;-118.923213;,
  90.210470;5.627804;-134.766618;,
  88.930182;12.412306;-132.401779;,
  90.034445;14.147106;-142.572544;,
  100.269216;0.193481;-151.072461;,
  97.884109;19.332930;-141.818995;,
  93.498528;17.887306;-128.175565;,
  103.954157;15.244549;-138.578739;,
  100.136621;5.937336;-132.827149;,
  100.076128;12.755392;-130.283315;,
  91.281824;23.964784;-115.669402;,
  97.917626;18.532701;-111.154560;,
  101.156538;9.240264;-121.356237;,
  97.755136;0.156779;-114.813146;,
  109.493875;6.505702;-128.222566;,
  105.778682;22.486334;-110.922944;,
  107.785165;12.748589;-125.292122;,
  110.703258;17.201814;-120.929638;,
  111.038899;14.371352;-135.962662;,
  120.923008;-0.036168;-143.680499;,
  116.844006;18.868693;-134.298342;,
  122.194406;13.631051;-131.278874;,
  116.666227;12.207915;-121.962278;,
  -0.000194;271.834240;-248.228019;,
  13.225670;263.200742;-256.992128;,
  -0.000192;270.887117;-254.936730;,
  15.637981;269.695258;-245.152410;,
  18.099907;269.472461;-259.603405;,
  23.656582;281.183104;-257.957171;,
  28.618221;278.232781;-253.859226;,
  25.909094;288.389197;-261.333376;,
  29.037904;285.821619;-260.997427;,
  31.815616;274.438144;-255.282099;,
  25.585162;265.957299;-239.150899;,
  34.754688;259.497856;-246.304819;,
  30.180426;259.336525;-232.381747;,
  31.520813;251.204915;-237.234483;,
  11.508559;189.943936;-256.539238;,
  9.399543;195.636160;-256.806912;,
  11.782978;195.064550;-253.703270;,
  9.537224;188.618765;-257.898522;,
  -0.000193;194.234419;-256.744166;,
  8.810385;185.093939;-259.965414;,
  8.424815;180.335949;-262.509619;,
  -0.000191;177.704358;-265.573146;,
  7.552431;175.439219;-264.754637;,
  6.106071;169.545216;-267.452237;,
  2.384620;166.289638;-269.447270;,
  -0.000191;165.856307;-269.555789;,
  116.823552;162.668506;-242.644301;,
  116.116006;171.279936;-241.418880;,
  120.394022;169.580211;-235.908070;,
  117.909606;185.765478;-228.786816;,
  113.312845;184.326170;-236.563686;,
  116.480768;193.345203;-226.493773;,
  109.640128;194.062886;-230.202291;,
  116.755930;188.324621;-223.727693;,
  118.211226;192.588198;-219.154483;,
  117.268186;187.752973;-219.848141;,
  116.823552;162.668506;-242.644301;,
  120.394022;169.580211;-235.908070;,
  114.380877;169.811738;-238.413517;,
  110.875277;180.978445;-232.341606;,
  117.909606;185.765478;-228.786816;,
  98.514784;182.632384;-233.950131;,
  100.901677;181.307187;-234.141645;,
  99.969421;182.073882;-235.943398;,
  99.557619;178.753510;-235.639654;,
  102.564570;177.782374;-235.568230;,
  101.119546;178.012019;-237.357696;,
  101.908045;174.503027;-237.167078;,
  104.170554;173.024384;-237.578701;,
  102.859955;173.572928;-238.590694;,
  101.955533;168.756928;-238.495002;,
  106.048614;168.127654;-239.086771;,
  105.898246;169.457062;-242.026112;,
  104.747840;164.794317;-240.408474;,
  107.212832;163.373670;-240.394829;,
  105.635795;163.530381;-241.873818;,
  105.250144;160.558592;-241.195520;,
  110.087142;161.093632;-241.004749;,
  110.827610;162.997824;-248.899891;,
  111.619507;158.037414;-242.450739;,
  112.870387;158.978061;-240.566810;,
  114.931738;160.512858;-244.953574;,
  116.377894;155.438669;-241.872410;,
  114.989952;158.544755;-239.468390;,
  -11.508946;189.943936;-256.539238;,
  -9.537609;188.618765;-257.898522;,
  -11.245846;189.385446;-258.992794;,
  -11.450615;186.065075;-258.523904;,
  -8.810768;185.093939;-259.965414;,
  -10.956955;185.323597;-260.792704;,
  -10.178766;181.814554;-261.021850;,
  -8.425199;180.335949;-262.509619;,
  -10.066220;180.884506;-262.730675;,
  -10.717308;177.232128;-261.879040;,
  -7.552814;175.439219;-264.754637;,
  -9.152684;176.768640;-267.224986;,
  -9.340164;172.105882;-265.248845;,
  -6.106454;169.545216;-267.452237;,
  -9.303831;170.841958;-266.961843;,
  -9.298687;167.870144;-266.181632;,
  -8.320626;170.309402;-275.642547;,
  -4.410247;165.348979;-270.453376;,
  -2.385002;166.289638;-269.447270;,
  -2.793201;167.824435;-274.277018;,
  -0.000191;162.750234;-272.331699;,
  -0.000191;165.856307;-269.555789;,
  -118.448934;182.632384;-222.441395;,
  -117.421350;181.307200;-224.604288;,
  -119.447846;182.073894;-224.697805;,
  -119.390758;178.753523;-224.189312;,
  -117.825331;177.782400;-226.757734;,
  -120.097613;178.012045;-226.400998;,
  -119.538240;174.503040;-226.988544;,
  -118.763469;173.024410;-229.153766;,
  -120.295232;173.572941;-228.524774;,
  -120.664525;168.756928;-227.693645;,
  -119.130534;168.127654;-231.534208;,
  -121.751245;169.457062;-232.873702;,
  -120.925542;164.794317;-231.068570;,
  -119.681203;163.373670;-233.196518;,
  -121.750554;163.530381;-232.570266;,
  -121.355968;160.558592;-231.897088;,
  -118.772262;161.093632;-235.990707;,
  -125.239424;162.997824;-240.579533;,
  -119.258368;158.037414;-238.040806;,
  -117.001357;158.978061;-238.182093;,
  -119.769766;160.512858;-242.160640;,
  -116.378278;155.438669;-241.872512;,
  -114.990336;158.544755;-239.468467;,
  -116.823936;162.668506;-242.644403;,
  -116.116403;171.279936;-241.418957;,
  -109.204954;169.580237;-242.368435;,
  -104.279898;185.765478;-236.656205;,
  -113.313267;184.326170;-236.563763;,
  -103.008512;193.345190;-234.272256;,
  -109.640512;194.062886;-230.202368;,
  -100.475488;188.324582;-233.127475;,
  -95.787302;192.588198;-232.101248;,
  -96.859526;187.752960;-231.631334;,
  -8.074379;161.351987;-258.773632;,
  -11.486685;156.985869;-251.166362;,
  -8.413812;172.477939;-253.227725;,
  -6.219586;155.444595;-263.729459;,
  -0.000191;135.147405;-245.784422;,
  -0.000188;154.592333;-265.596493;,
  -0.000197;310.753869;-231.743053;,
  13.225670;263.200742;-256.992128;,
  -0.000192;270.887117;-254.936730;,
  25.068779;298.038221;-228.361600;,
  21.095035;255.310771;-250.092339;,
  45.998829;278.737587;-223.603354;,
  -0.000209;307.827251;-29.256022;,
  25.893131;289.446938;-89.001600;,
  -0.000200;293.398707;-87.918093;,
  30.005056;294.849587;-42.193370;,
  50.581453;279.361382;-87.868454;,
  55.661498;267.684634;-67.029376;,
  58.472576;252.940979;-89.536710;,
  -64.961286;284.046694;-102.601683;,
  -27.073968;291.618227;-133.351014;,
  -62.392493;254.385357;-131.712230;,
  -46.357571;317.967334;-79.041542;,
  -0.000089;297.385216;-133.060211;,
  -0.000203;333.909914;-73.522400;,
  11.410757;214.208102;-238.324173;,
  42.438534;209.154112;-209.809754;,
  20.626210;194.592166;-207.601626;,
  22.981699;235.118413;-246.708429;,
  59.100461;228.749875;-211.995059;,
  -22.982078;235.118413;-246.708429;,
  -42.438928;209.154112;-209.809754;,
  -59.100851;228.749875;-211.995072;,
  -11.411142;214.208102;-238.324173;,
  -20.626600;194.592166;-207.601626;,
  116.050918;168.365402;-220.023398;,
  112.108813;146.642048;-218.434381;,
  118.079680;160.346176;-222.807936;,
  117.555994;148.185024;-231.314406;,
  103.010688;127.850304;-218.719718;,
  113.010278;147.280781;-236.039603;,
  103.010688;127.850304;-218.719718;,
  106.645357;148.185024;-237.613670;,
  113.010278;147.280781;-236.039603;,
  98.214470;146.642048;-226.456269;,
  99.016685;160.346125;-233.813965;,
  97.619578;168.365402;-230.664755;,
  102.691200;196.655757;-198.317952;,
  114.058829;196.674010;-157.426496;,
  92.625018;183.228582;-164.673318;,
  119.275174;215.314944;-202.587571;,
  131.677760;215.156224;-153.635686;,
  119.275174;215.314944;-202.587571;,
  132.324045;236.882688;-167.250074;,
  131.677760;215.156224;-153.635686;,
  121.263744;237.751347;-208.216461;,
  123.350733;259.384960;-177.537229;,
  80.070778;216.169293;-226.565837;,
  41.663392;198.251661;-201.705139;,
  30.859018;217.353344;-215.298611;,
  83.225370;197.080038;-210.223603;,
  57.438790;183.995366;-186.193920;,
  84.336122;238.556160;-230.802381;,
  42.819107;238.833280;-221.993267;,
  56.770323;260.836019;-218.259251;,
  80.070778;216.169293;-226.565837;,
  30.859018;217.353344;-215.298611;,
  -107.140051;218.975309;-68.637933;,
  -86.689498;244.523648;-117.532250;,
  -85.322054;234.577664;-128.609446;,
  -101.113338;253.492531;-58.126861;,
  -86.637184;262.339840;-111.976333;,
  -72.209389;286.376960;-52.256899;,
  -73.869645;279.279309;-117.385869;,
  -42.135830;315.616077;-66.114022;,
  17.711168;307.856026;-117.412787;,
  -45.886931;311.239552;-118.013171;,
  -25.662402;335.396403;-80.167219;,
  -15.222480;293.930752;-137.461146;,
  -65.513357;279.941504;-154.055206;,
  -47.110291;279.718758;-166.444147;,
  -10.570836;273.196698;-154.101197;,
  -119.275174;215.314944;-202.587571;,
  -114.058829;196.674010;-157.426496;,
  -131.677760;215.156224;-153.635686;,
  -102.691200;196.655757;-198.317952;,
  -92.625018;183.228582;-164.673318;,
  -80.070778;216.169293;-226.565837;,
  -42.819107;238.833280;-221.993267;,
  -30.859018;217.353344;-215.298611;,
  -84.336122;238.556160;-230.802381;,
  -56.770323;260.836019;-218.259251;,
  -70.995091;-2.427671;104.047949;,
  -66.522797;3.968349;120.754291;,
  -73.405683;3.836137;120.862131;,
  -62.000090;-1.147378;130.958118;,
  -77.223539;-1.783568;132.396621;,
  -49.824358;0.023486;145.337779;,
  -49.905827;1.042268;134.817984;,
  -56.408499;4.212040;119.427942;,
  -49.192134;4.328930;120.323366;,
  -51.873901;-1.722562;104.004634;,
  -85.699571;-1.024634;149.427059;,
  -89.201722;-0.776615;138.530445;,
  -83.019904;2.698531;122.463078;,
  -89.656672;1.352224;123.328397;,
  -88.289926;-4.126264;106.124237;,
  -65.439565;4.198229;162.618547;,
  -53.919622;6.816426;158.358733;,
  -57.313139;19.710013;166.822157;,
  -92.428909;7.539214;136.884902;,
  -67.669965;17.879798;169.754368;,
  -80.098771;6.330246;161.584192;,
  -59.548288;23.147726;175.373747;,
  -66.596160;21.308982;175.578189;,
  -81.869056;17.298014;149.947110;,
  -75.701178;19.692230;167.377856;,
  -90.254944;6.516841;125.616192;,
  -89.656672;1.352224;123.328397;,
  -84.877075;16.388725;134.324698;,
  -92.867546;8.362109;116.132838;,
  -88.289926;-4.126264;106.124237;,
  -87.994662;12.501870;114.150541;,
  -86.136358;10.842199;125.818163;,
  -82.405952;9.210273;114.380506;,
  -83.019904;2.698531;122.463078;,
  -82.038989;7.541481;123.984102;,
  -77.932467;5.761781;127.694746;,
  -77.223539;-1.783568;132.396621;,
  -73.405683;3.836137;120.862131;,
  -77.189875;14.611379;135.095424;,
  -73.796646;7.601914;122.370458;,
  -75.999238;10.036646;112.430336;,
  -70.995091;-2.427671;104.047949;,
  -70.434483;13.796250;111.426035;,
  -70.062861;11.775736;123.338509;,
  -65.071443;9.943298;112.018074;,
  -66.522797;3.968349;120.754291;,
  -66.575507;7.901408;122.317094;,
  -62.473574;7.231898;126.243674;,
  -62.000090;-1.147378;130.958118;,
  -56.408499;4.212040;119.427942;,
  -62.054662;15.531138;132.514189;,
  -69.728813;19.671512;131.378253;,
  -67.317331;20.828064;143.590963;,
  -57.502848;8.483770;120.949248;,
  -74.635584;29.286339;160.630886;,
  -57.886694;10.756642;111.260314;,
  -51.873901;-1.722562;104.004634;,
  -52.053386;14.476896;111.257843;,
  -53.644307;12.440423;122.967091;,
  -46.964282;10.833461;112.697459;,
  -49.192134;4.328930;120.323366;,
  -49.126323;8.605306;122.248256;,
  -47.098896;9.567758;132.210560;,
  -49.905827;1.042268;134.817984;,
  -49.824358;0.023486;145.337779;,
  -54.426234;17.570456;130.263565;,
  -53.793146;17.381848;147.858061;,
  -53.919622;6.816426;158.358733;,
  -57.313139;19.710013;166.822157;,
  -53.793222;27.624477;162.732774;,
  -64.690246;30.877882;150.728499;,
  -63.725325;38.028218;151.782618;,
  -53.049226;37.860819;163.619878;,
  -71.584006;39.739130;161.164838;,
  -58.010739;73.313696;148.071706;,
  -45.825123;73.669926;162.502170;,
  -40.338634;84.512934;159.016678;,
  -72.573478;31.330045;174.206874;,
  -56.184416;83.375987;144.777370;,
  -40.369811;91.573094;150.389926;,
  -71.343667;24.532530;176.172941;,
  -68.500134;25.543726;182.253504;,
  -65.404480;22.231603;180.014554;,
  -65.313133;17.533578;186.725094;,
  -63.779187;28.344742;185.320922;,
  -62.303718;34.735440;180.004531;,
  -60.820794;25.035955;182.303539;,
  -65.404480;22.231603;180.014554;,
  -66.596160;21.308982;175.578189;,
  -59.548288;23.147726;175.373747;,
  -56.290874;29.853430;172.017869;,
  -57.313139;19.710013;166.822157;,
  -53.793222;27.624477;162.732774;,
  -53.049226;37.860819;163.619878;,
  -60.748051;39.999251;178.865267;,
  -69.258336;40.523747;172.725261;,
  -54.483328;75.967782;177.298432;,
  -45.825123;73.669926;162.502170;,
  -65.399213;78.591347;171.488474;,
  -51.273990;97.781402;179.974259;,
  -40.338634;84.512934;159.016678;,
  -40.369811;91.573094;150.389926;,
  -69.396429;77.486822;156.695744;,
  -63.540250;96.680826;173.006029;,
  -51.062874;106.725741;164.425318;,
  -65.839379;89.815776;152.289459;,
  -62.827802;101.290144;158.055027;,
  -49.618947;117.976102;148.103270;,
  -36.328259;108.918387;134.821888;,
  -30.145661;129.197875;122.978381;,
  -55.537018;88.556666;140.697920;,
  -65.954560;96.364794;144.739226;,
  -64.758867;118.204557;142.165773;,
  -47.587840;136.858714;131.953165;,
  -43.419910;167.433741;141.762445;,
  -21.934818;153.993101;125.774234;,
  -67.350003;139.011430;127.829286;,
  -72.334829;114.352000;126.226125;,
  -69.319456;107.218797;110.283507;,
  -76.511642;138.039693;111.168896;,
  -67.819334;175.431002;131.608179;,
  -20.376459;182.872090;139.649984;,
