xof 0303txt 0032
template ColorRGBA {
 <35ff44e0-6c7c-11cf-8f52-0040333594a3>
 FLOAT red;
 FLOAT green;
 FLOAT blue;
 FLOAT alpha;
}

template ColorRGB {
 <d3e16e81-7835-11cf-8f52-0040333594a3>
 FLOAT red;
 FLOAT green;
 FLOAT blue;
}

template Material {
 <3d82ab4d-62da-11cf-ab39-0020af71e433>
 ColorRGBA faceColor;
 FLOAT power;
 ColorRGB specularColor;
 ColorRGB emissiveColor;
 [...]
}

template TextureFilename {
 <a42790e1-7810-11cf-8f52-0040333594a3>
 STRING filename;
}

template Frame {
 <3d82ab46-62da-11cf-ab39-0020af71e433>
 [...]
}

template Matrix4x4 {
 <f6f23f45-7686-11cf-8f52-0040333594a3>
 array FLOAT matrix[16];
}

template FrameTransformMatrix {
 <f6f23f41-7686-11cf-8f52-0040333594a3>
 Matrix4x4 frameMatrix;
}

template Vector {
 <3d82ab5e-62da-11cf-ab39-0020af71e433>
 FLOAT x;
 FLOAT y;
 FLOAT z;
}

template MeshFace {
 <3d82ab5f-62da-11cf-ab39-0020af71e433>
 DWORD nFaceVertexIndices;
 array DWORD faceVertexIndices[nFaceVertexIndices];
}

template Mesh {
 <3d82ab44-62da-11cf-ab39-0020af71e433>
 DWORD nVertices;
 array Vector vertices[nVertices];
 DWORD nFaces;
 array MeshFace faces[nFaces];
 [...]
}

template MeshNormals {
 <f6f23f43-7686-11cf-8f52-0040333594a3>
 DWORD nNormals;
 array Vector normals[nNormals];
 DWORD nFaceNormals;
 array MeshFace faceNormals[nFaceNormals];
}

template MeshMaterialList {
 <f6f23f42-7686-11cf-8f52-0040333594a3>
 DWORD nMaterials;
 DWORD nFaceIndexes;
 array DWORD faceIndexes[nFaceIndexes];
 [Material <3d82ab4d-62da-11cf-ab39-0020af71e433>]
}

template Coords2d {
 <f6f23f44-7686-11cf-8f52-0040333594a3>
 FLOAT u;
 FLOAT v;
}

template MeshTextureCoords {
 <f6f23f40-7686-11cf-8f52-0040333594a3>
 DWORD nTextureCoords;
 array Coords2d textureCoords[nTextureCoords];
}

template XSkinMeshHeader {
 <3cf169ce-ff7c-44ab-93c0-f78f62d172e2>
 WORD nMaxSkinWeightsPerVertex;
 WORD nMaxSkinWeightsPerFace;
 WORD nBones;
}

template SkinWeights {
 <6f0d123b-bad2-4167-a0d0-80224f25fabb>
 STRING transformNodeName;
 DWORD nWeights;
 array DWORD vertexIndices[nWeights];
 array FLOAT weights[nWeights];
 Matrix4x4 matrixOffset;
}

template AnimTicksPerSecond {
 <9e415a43-7ba6-4a73-8743-b73d47e88476>
 DWORD AnimTicksPerSecond;
}

template Animation {
 <3d82ab4f-62da-11cf-ab39-0020af71e433>
 [...]
}

template AnimationSet {
 <3d82ab50-62da-11cf-ab39-0020af71e433>
 [Animation <3d82ab4f-62da-11cf-ab39-0020af71e433>]
}

template FloatKeys {
 <10dd46a9-775b-11cf-8f52-0040333594a3>
 DWORD nValues;
 array FLOAT values[nValues];
}

template TimedFloatKeys {
 <f406b180-7b3b-11cf-8f52-0040333594a3>
 DWORD time;
 FloatKeys tfkeys;
}

template AnimationKey {
 <10dd46a8-775b-11cf-8f52-0040333594a3>
 DWORD keyType;
 DWORD nKeys;
 array TimedFloatKeys keys[nKeys];
}


Material m_ollo_part01 {
 1.000000;1.000000;1.000000;1.000000;;
 10.000000;
 0.000000;0.000000;0.000000;;
 0.000000;0.000000;0.000000;;

 TextureFilename {
  "t_ollo_part01_df.tga";
 }
}

Material m_ollo_part02 {
 1.000000;1.000000;1.000000;1.000000;;
 10.000000;
 0.000000;0.000000;0.000000;;
 0.000000;0.000000;0.000000;;

 TextureFilename {
  "t_ollo_part02_df.tga";
 }
}

Material m_ollo_part03 {
 1.000000;1.000000;1.000000;1.000000;;
 10.000000;
 0.000000;0.000000;0.000000;;
 0.000000;0.000000;0.000000;;

 TextureFilename {
  "t_ollo_part03_df.tga";
 }
}

Material m_ollo_part04 {
 1.000000;1.000000;1.000000;1.000000;;
 10.000000;
 0.000000;0.000000;0.000000;;
 0.000000;0.000000;0.000000;;

 TextureFilename {
  "t_ollo_part04_df.tga";
 }
}

Material m_ollo_part05 {
 1.000000;1.000000;1.000000;1.000000;;
 10.000000;
 0.000000;0.000000;0.000000;;
 0.000000;0.000000;0.000000;;

 TextureFilename {
  "t_ollo_part05_df.tga";
 }
}

Material m_ollo_weapon01 {
 1.000000;1.000000;1.000000;1.000000;;
 10.000000;
 0.000000;0.000000;0.000000;;
 0.000000;0.000000;0.000000;;

 TextureFilename {
  "t_ollo_weapon01_df.tga";
 }
}

Material m_ollo_weapon02 {
 1.000000;1.000000;1.000000;1.000000;;
 10.000000;
 0.000000;0.000000;0.000000;;
 0.000000;0.000000;0.000000;;

 TextureFilename {
  "t_ollo_weapon02_df.tga";
 }
}

Material m_ollo_weapon03 {
 1.000000;1.000000;1.000000;1.000000;;
 10.000000;
 0.000000;0.000000;0.000000;;
 0.000000;0.000000;0.000000;;

 TextureFilename {
  "t_ollo_weapon03_df.tga";
 }
}

Material m_ollo_weapon04 {
 1.000000;1.000000;1.000000;1.000000;;
 10.000000;
 0.000000;0.000000;0.000000;;
 0.000000;0.000000;0.000000;;

 TextureFilename {
  "t_ollo_weapon04_df.tga";
 }
}

Material m_ollo_weapon05 {
 1.000000;1.000000;1.000000;1.000000;;
 10.000000;
 0.000000;0.000000;0.000000;;
 0.000000;0.000000;0.000000;;

 TextureFilename {
  "t_ollo_weapon05_df.tga";
 }
}

Material m_ollo_weapon06 {
 1.000000;1.000000;1.000000;1.000000;;
 10.000000;
 0.000000;0.000000;0.000000;;
 0.000000;0.000000;0.000000;;

 TextureFilename {
  "t_ollo_weapon06_df.tga";
 }
}

Material m_ollo01 {
 1.000000;1.000000;1.000000;1.000000;;
 10.000000;
 0.000000;0.000000;0.000000;;
 0.000000;0.000000;0.000000;;

 TextureFilename {
  "t_ollo01_df.tga";
 }
}

Frame bip001 {
 

 FrameTransformMatrix {
  0.700091,0.116801,-0.704436,0.000000,-0.219566,0.973947,-0.056724,0.000000,0.679458,0.194382,0.707497,0.000000,2.018854,122.829696,-3.874761,1.000000;;
 }

 Frame bip001-pelvis {
  

  FrameTransformMatrix {
   0.000001,1.000000,-0.000000,0.000000,-0.000001,0.000000,1.000000,0.000000,1.000000,-0.000001,0.000001,0.000000,0.000000,0.000000,0.000000,1.000000;;
  }

  Frame bip001-spine {
   

   FrameTransformMatrix {
    0.998331,-0.044465,0.036869,0.000000,0.051624,0.973176,-0.224196,0.000000,-0.025911,0.225725,0.973847,0.000000,10.746452,-0.004959,0.676357,1.000000;;
   }

   Frame bip001-spine1 {
    

    FrameTransformMatrix {
     0.993724,0.027151,-0.108517,0.000000,-0.037278,0.995023,-0.092417,0.000000,0.105468,0.095882,0.989789,0.000000,27.629610,-0.001434,-0.014814,1.000000;;
    }

    Frame bip001-neck {
     

     FrameTransformMatrix {
      0.960131,0.000001,0.279550,0.000000,-0.000001,1.000000,0.000000,0.000000,-0.279550,-0.000000,0.960131,0.000000,17.733475,0.000000,-3.386074,1.000000;;
     }

     Frame bip001-head {
      

      FrameTransformMatrix {
       0.936222,-0.309631,0.166181,0.000000,0.149765,0.779372,0.608399,0.000000,-0.317896,-0.544709,0.776037,0.000000,5.981018,0.000002,0.000000,1.000000;;
      }

      Frame b_beard1 {
       

       FrameTransformMatrix {
        -0.081805,0.389529,0.917374,0.000000,0.972005,0.234605,-0.012940,0.000000,-0.220260,0.890633,-0.397816,0.000000,3.133759,1.944046,16.603805,1.000000;;
       }

       Frame b_beard2 {
        

        FrameTransformMatrix {
         0.988866,-0.147417,0.020284,0.000000,0.147624,0.989002,-0.009087,0.000000,-0.018721,0.011980,0.999753,0.000000,19.999989,-0.000015,-0.000002,1.000000;;
        }

        Frame b_beard3 {
         

         FrameTransformMatrix {
          0.994795,-0.084548,-0.056873,0.000000,0.085540,0.996218,0.015235,0.000000,0.055370,-0.020021,0.998265,0.000000,27.981619,0.000000,-0.000002,1.000000;;
         }
        }
       }
      }
     }
    }

    Frame bip001-l-clavicle {
     

     FrameTransformMatrix {
      0.514621,0.842979,-0.156690,0.000000,0.857418,-0.506121,0.093148,0.000000,-0.000783,-0.182285,-0.983245,0.000000,12.819382,5.548355,-4.818527,1.000000;;
     }

     Frame bip001-l-upperarm {
      

      FrameTransformMatrix {
       0.860714,-0.497086,-0.109901,0.000000,0.508988,0.844563,0.166263,0.000000,0.010171,-0.199043,0.979938,0.000000,23.031456,0.000000,0.000008,1.000000;;
      }

      Frame bip001-l-forearm {
       

       FrameTransformMatrix {
        0.154653,0.000000,-0.987969,0.000000,-0.000000,1.000000,-0.000000,0.000000,0.987969,0.000000,0.154653,0.000000,24.595829,-0.000015,0.000008,1.000000;;
       }

       Frame bip001-l-hand {
        

        FrameTransformMatrix {
         0.954394,-0.298551,0.000000,0.000000,0.000238,0.000760,1.000000,0.000000,-0.298551,-0.954393,0.000797,0.000000,20.167061,0.000031,-0.000008,1.000000;;
        }

        Frame hand_l {
         

         FrameTransformMatrix {
          -0.125489,-0.937861,-0.323526,0.000000,0.328514,0.268424,-0.905553,0.000000,0.936126,-0.219920,0.274417,0.000000,2.903358,2.731827,-20.020126,1.000000;;
         }
        }

        Frame bip001-l-finger0 {
         

         FrameTransformMatrix {
          0.596376,-0.296030,0.746124,0.000000,0.675600,-0.316842,-0.665715,0.000000,0.433475,0.901098,0.011041,0.000000,4.150314,-14.584538,4.426773,1.000000;;
         }
        }

        Frame bip001-l-finger1 {
         

         FrameTransformMatrix {
          -0.470509,-0.400232,0.786407,0.000000,-0.122396,0.912205,0.391026,0.000000,-0.873865,0.087728,-0.478188,0.000000,21.614811,-2.071854,-0.695892,1.000000;;
         }
        }
       }
      }
     }

     Frame b_shoulder_l {
      

      FrameTransformMatrix {
       0.427397,0.904064,-0.000001,0.000000,-0.000001,-0.000001,-1.000000,0.000000,-0.904064,0.427397,0.000001,0.000000,21.649864,5.152191,-3.770050,1.000000;;
      }
     }
    }

    Frame bip001-r-clavicle {
     

     FrameTransformMatrix {
      -0.203297,-0.946831,-0.249362,0.000000,-0.979117,0.196393,0.052537,0.000000,-0.000770,0.254835,-0.966984,0.000000,12.819382,-5.548382,-4.818497,1.000000;;
     }

     Frame bip001-r-upperarm {
      

      FrameTransformMatrix {
       0.724767,0.242225,0.645012,0.000000,-0.422513,0.895731,0.138377,0.000000,-0.544239,-0.372817,0.751539,0.000000,23.031472,-0.000015,0.000002,1.000000;;
      }

      Frame bip001-r-forearm {
       

       FrameTransformMatrix {
        0.781912,0.000000,-0.623388,0.000000,0.000000,1.000000,0.000000,0.000000,0.623388,-0.000000,0.781912,0.000000,24.595837,0.000000,0.000008,1.000000;;
       }

       Frame bip001-r-hand {
        

        FrameTransformMatrix {
         0.918003,0.318061,-0.236871,0.000000,-0.225837,-0.071706,-0.971523,0.000000,-0.325989,0.945355,0.006004,0.000000,20.167045,0.000000,0.000004,1.000000;;
        }

        Frame hand_r {
         

         FrameTransformMatrix {
          -0.053203,0.995684,-0.076047,0.000000,0.973152,0.068775,0.219647,0.000000,0.223929,-0.062319,-0.972611,0.000000,15.935699,2.449507,5.376884,1.000000;;
         }
        }

        Frame bip001-r-finger0 {
         

         FrameTransformMatrix {
          0.474941,0.238849,0.846984,0.000000,-0.765853,-0.361902,0.531503,0.000000,0.433475,-0.901098,0.011041,0.000000,4.150314,14.584546,4.426788,1.000000;;
         }
        }

        Frame bip001-r-finger1 {
         

         FrameTransformMatrix {
          -0.407302,0.160129,0.899146,0.000000,-0.054333,0.978517,-0.198876,0.000000,-0.911676,-0.129856,-0.389852,0.000000,21.614800,2.071857,-0.695892,1.000000;;
         }
        }
       }
      }
     }

     Frame b_shoulder_r {
      

      FrameTransformMatrix {
       0.273588,-0.959610,-0.065561,0.000000,0.382270,0.171027,-0.908086,0.000000,0.882621,0.223379,0.413621,0.000000,21.235992,-5.009079,-3.769978,1.000000;;
      }
     }
    }

    Frame b_cloak_l1 {
     

     FrameTransformMatrix {
      -0.358093,-0.091302,-0.929211,0.000000,0.930389,0.048667,-0.363329,0.000000,0.078395,-0.994633,0.067519,0.000000,3.691238,20.099971,-23.218136,1.000000;;
     }

     Frame b_cloak_l2 {
      

      FrameTransformMatrix {
       0.978295,0.158123,0.133925,0.000000,-0.170345,0.981688,0.085273,0.000000,-0.117989,-0.106236,0.987316,0.000000,23.536003,0.000000,0.000006,1.000000;;
      }
     }
    }

    Frame b_cloak_r1 {
     

     FrameTransformMatrix {
      -0.347874,-0.126359,-0.928987,0.000000,0.920736,0.140726,-0.363926,0.000000,0.176718,-0.981952,0.067388,0.000000,3.691254,-20.100029,-23.218128,1.000000;;
     }

     Frame b_cloak_r2 {
      

      FrameTransformMatrix {
       0.978295,0.158123,0.133925,0.000000,-0.170426,0.981614,0.085956,0.000000,-0.117871,-0.106915,0.987257,0.000000,23.536011,-0.000015,0.000000,1.000000;;
      }
     }
    }
   }
  }

  Frame bip001-l-thigh {
   

   FrameTransformMatrix {
    -0.933089,-0.006622,0.359585,0.000000,-0.091813,-0.962315,-0.255968,0.000000,0.347729,-0.271855,0.897318,0.000000,-0.000023,12.730667,0.000023,1.000000;;
   }

   Frame bip001-l-calf {
    

    FrameTransformMatrix {
     -0.390175,0.000000,-0.920741,0.000000,0.000000,1.000000,0.000000,0.000000,0.920741,0.000000,-0.390175,0.000000,30.033974,0.000000,-0.000004,1.000000;;
    }

    Frame bip001-l-foot {
     

     FrameTransformMatrix {
      0.976573,0.211506,0.039623,0.000000,-0.209744,0.976749,-0.044364,0.000000,-0.048085,0.035014,0.998229,0.000000,20.123310,0.000000,-0.000008,1.000000;;
     }

     Frame bip001-l-toe0 {
      

      FrameTransformMatrix {
       0.000001,0.000001,1.000000,0.000000,0.000000,1.000000,-0.000001,0.000000,-1.000000,0.000000,0.000002,0.000000,14.155259,-0.000004,20.906227,1.000000;;
      }
     }
    }
   }
  }

  Frame bip001-r-thigh {
   

   FrameTransformMatrix {
    -0.958038,-0.243048,0.151957,0.000000,0.140887,-0.860948,-0.488794,0.000000,0.249627,-0.446875,0.859063,0.000000,0.000015,-12.730677,-0.000013,1.000000;;
   }

   Frame bip001-r-calf {
    

    FrameTransformMatrix {
     0.896475,-0.000000,-0.443095,0.000000,0.000000,1.000000,0.000000,0.000000,0.443095,-0.000000,0.896475,0.000000,30.033965,-0.000003,-0.000004,1.000000;;
    }

    Frame bip001-r-foot {
     

     FrameTransformMatrix {
      0.933172,-0.036654,-0.357557,0.000000,0.041882,0.999099,0.006886,0.000000,0.356983,-0.021401,0.933866,0.000000,20.123336,0.000000,0.000004,1.000000;;
     }

     Frame bip001-r-toe0 {
      

      FrameTransformMatrix {
       -0.000001,0.000001,1.000000,0.000000,0.000000,1.000000,-0.000001,0.000000,-1.000000,0.000000,-0.000001,0.000000,14.155262,0.000000,20.906245,1.000000;;
      }
     }
    }
   }
  }
 }
}

Frame ollo_part01 {
 

 FrameTransformMatrix {
  1.000000,0.000000,0.000000,0.000000,0.000000,1.000000,0.000000,0.000000,0.000000,0.000000,1.000000,0.000000,0.000000,0.000000,0.000000,1.000000;;
 }

 Mesh ollo_part01 {
  283;
  10.651682;128.250944;-4.202858;,
  7.286564;133.341440;-10.432238;,
  7.170994;126.044275;-10.140278;,
  11.018786;133.734285;-5.061410;,
  8.582894;135.064832;-8.647663;,
  11.964675;138.273344;-4.742114;,
  11.045634;139.541696;-5.789605;,
  6.976364;136.521114;-10.699873;,
  8.712385;137.496141;-7.748078;,
  8.754538;127.503680;-5.305858;,
  10.399633;128.730637;-0.842995;,
  11.682802;130.070746;5.843480;,
  12.480525;139.295603;5.282895;,
  10.933239;131.166746;14.103672;,
  6.607032;140.131469;19.187534;,
  6.228863;131.508518;19.418896;,
  -0.000000;131.866394;21.157982;,
  -0.000000;139.254797;21.309376;,
  -8.712385;137.496141;-7.748078;,
  -10.399633;128.730637;-0.842995;,
  -8.754538;127.503680;-5.305858;,
  -11.682802;130.070746;5.843480;,
  -12.480525;139.295603;5.282895;,
  -10.933239;131.166746;14.103672;,
  -6.607032;140.131469;19.187534;,
  -6.228863;131.508518;19.418896;,
  -0.000000;131.866394;21.157982;,
  -0.000000;139.254797;21.309376;,
  -7.286564;133.341440;-10.432238;,
  -10.651682;128.250944;-4.202858;,
  -7.170994;126.044275;-10.140278;,
  -11.018786;133.734285;-5.061410;,
  -8.582894;135.064832;-8.647663;,
  -11.964675;138.273344;-4.742114;,
  -11.045634;139.541696;-5.789605;,
  -6.976364;136.521114;-10.699873;,
  -0.000000;154.131763;18.254421;,
  3.297390;151.042765;18.436157;,
  -0.000000;153.831629;17.511986;,
  3.399796;151.332813;19.476371;,
  -0.000000;153.849472;19.918830;,
  -0.000000;153.710157;20.739522;,
  6.547059;147.310336;18.909501;,
  -0.000000;153.710093;20.739621;,
  6.547059;147.712678;19.802517;,
  3.226092;144.640256;20.716114;,
  5.165471;148.462848;21.767221;,
  -0.000000;149.052518;23.131299;,
  -0.000000;144.208499;24.675782;,
  3.268117;145.041254;22.108774;,
  -0.000000;141.863309;22.526731;,
  -0.000000;144.208422;24.675752;,
  -0.000000;142.163443;23.269166;,
  -0.000000;143.120602;23.927592;,
  6.536438;154.149312;-7.306187;,
  -0.000000;159.737600;-7.171034;,
  -0.000000;146.019226;-13.322315;,
  7.930295;144.170854;-9.223575;,
  7.147139;142.784256;-9.750954;,
  11.713758;147.388774;-5.965489;,
  -3.297390;151.042765;18.436157;,
  -0.000000;154.131763;18.254421;,
  -0.000000;153.831629;17.511986;,
  -3.399796;151.332813;19.476371;,
  -0.000000;153.849472;19.918830;,
  -0.000000;153.710157;20.739522;,
  -6.547059;147.310336;18.909501;,
  -0.000000;153.710093;20.739621;,
  -6.547059;147.712678;19.802517;,
  -3.226092;144.640256;20.716114;,
  -5.165471;148.462848;21.767221;,
  -0.000000;149.052518;23.131299;,
  -0.000000;144.208499;24.675782;,
  -3.268117;145.041254;22.108774;,
  -0.000000;141.863309;22.526731;,
  -0.000000;144.208422;24.675752;,
  -0.000000;142.163443;23.269166;,
  -0.000000;143.120602;23.927592;,
  -6.536438;154.149312;-7.306187;,
  -0.000000;146.019226;-13.322315;,
  -0.000000;159.737600;-7.171034;,
  -7.930295;144.170854;-9.223575;,
  -11.713758;147.388774;-5.965489;,
  -7.147139;142.784256;-9.750954;,
  6.228863;131.508518;19.418896;,
  -0.000000;131.826086;22.833896;,
  -0.000000;131.866394;21.157982;,
  7.032990;131.459622;20.874634;,
  10.933239;131.166746;14.103672;,
  7.541272;141.888397;20.417931;,
  -0.000000;142.371379;22.588814;,
  12.798138;130.999744;14.240478;,
  -0.000000;151.590170;19.358131;,
  11.682802;130.070746;5.843480;,
  7.832202;150.433869;17.745186;,
  -0.000000;155.350656;16.204771;,
  14.415837;139.821210;13.233612;,
  14.194158;129.872397;5.835814;,
  5.783134;154.809536;15.492675;,
  -0.000000;158.417459;9.861702;,
  12.516573;128.613184;-1.288940;,
  10.399633;128.730637;-0.842995;,
  8.754538;127.503680;-5.305858;,
  9.266107;127.642522;-5.950093;,
  8.712385;137.496141;-7.748078;,
  8.169658;137.755136;-9.106607;,
  13.325219;137.870413;-2.219422;,
  12.785411;145.984410;-2.822820;,
  6.159960;146.626086;-10.183470;,
  15.494658;138.281357;5.543193;,
  14.637598;148.384435;4.902833;,
  13.751869;148.860365;11.110750;,
  10.376486;151.644186;-2.984500;,
  10.665582;153.376256;10.654686;,
  11.469648;153.044339;4.243891;,
  6.199592;156.735322;10.237757;,
  6.703420;156.805171;3.567984;,
  -0.000000;158.772032;3.505870;,
  -0.000000;157.425562;-2.714448;,
  6.619912;154.993165;-2.793637;,
  -0.000000;154.322790;-8.173609;,
  6.624718;151.495322;-6.976493;,
  -0.000000;147.072077;-12.674163;,
  -0.000000;131.826086;22.833896;,
  -6.228863;131.508518;19.418896;,
  -0.000000;131.866394;21.157982;,
  -7.032990;131.459622;20.874634;,
  -10.933239;131.166746;14.103672;,
  -7.541272;141.888397;20.417931;,
  -0.000000;142.371379;22.588814;,
  -0.000000;151.590170;19.358131;,
  -12.798138;130.999744;14.240478;,
  -11.682802;130.070746;5.843480;,
  -7.832202;150.433869;17.745186;,
  -0.000000;155.350656;16.204771;,
  -14.415837;139.821210;13.233612;,
  -14.194158;129.872397;5.835814;,
  -5.783134;154.809536;15.492675;,
  -0.000000;158.417459;9.861702;,
  -13.751869;148.860365;11.110750;,
  -10.665582;153.376256;10.654686;,
  -6.199592;156.735322;10.237757;,
  -6.703420;156.805171;3.567984;,
  -0.000000;158.772032;3.505870;,
  -0.000000;157.425562;-2.714448;,
  -11.469648;153.044339;4.243891;,
  -6.619912;154.993165;-2.793637;,
  -0.000000;154.322790;-8.173609;,
  -14.637598;148.384435;4.902833;,
  -6.624718;151.495322;-6.976493;,
  -10.376486;151.644186;-2.984500;,
  -6.159960;146.626086;-10.183470;,
  -0.000000;147.072077;-12.674163;,
  -12.785411;145.984410;-2.822820;,
  -8.169658;137.755136;-9.106607;,
  -15.494658;138.281357;5.543193;,
  -13.325219;137.870413;-2.219422;,
  -9.266107;127.642522;-5.950093;,
  -8.712385;137.496141;-7.748078;,
  -8.754538;127.503680;-5.305858;,
  -12.516573;128.613184;-1.288940;,
  -10.399633;128.730637;-0.842995;,
  -0.000000;132.594266;-14.284802;,
  -7.559394;136.603456;-12.014540;,
  -0.000000;132.676608;-15.599470;,
  -6.976364;136.521114;-10.699873;,
  -0.000000;136.665510;-16.107469;,
  -9.433842;134.853773;-9.928393;,
  -8.582894;135.064832;-8.647663;,
  -5.412443;142.475584;-13.861597;,
  -0.000000;143.496294;-15.861224;,
  -9.029659;141.178496;-11.017254;,
  -8.070121;133.113651;-11.717884;,
  -7.286564;133.341440;-10.432238;,
  -8.037070;125.857715;-11.469330;,
  -7.170994;126.044275;-10.140278;,
  -11.976146;128.191027;-5.540364;,
  -10.651682;128.250944;-4.202858;,
  -11.018786;133.734285;-5.061410;,
  -12.063102;133.649638;-6.290923;,
  -12.890549;138.067366;-6.358338;,
  -11.964675;138.273344;-4.742114;,
  -11.045634;139.541696;-5.789605;,
  -12.042756;139.267546;-7.394732;,
  -10.135451;142.067994;-6.986941;,
  -11.210951;141.289766;-8.543531;,
  -8.123509;141.568755;-8.962666;,
  -8.059354;142.906752;-11.915537;,
  -7.147139;142.784256;-9.750954;,
  -8.596742;144.712294;-11.282469;,
  -7.930295;144.170854;-9.223575;,
  -6.564707;151.497997;-10.879702;,
  -0.000000;151.169498;-13.933589;,
  -12.328799;147.965030;-7.223616;,
  -11.713758;147.388774;-5.965489;,
  -0.000000;156.150451;-11.468374;,
  -9.327258;152.821453;-8.374289;,
  -6.536438;154.149312;-7.306187;,
  -5.624358;156.911923;-8.604786;,
  -0.000000;159.737600;-7.171034;,
  -0.000000;160.865600;-8.355038;,
  -0.000000;158.508621;-9.911669;,
  -0.000000;160.865600;-8.355038;,
  -0.000000;156.150451;-11.468374;,
  5.624358;156.911923;-8.604786;,
  -0.000000;159.737600;-7.171034;,
  6.536438;154.149312;-7.306187;,
  6.564707;151.497997;-10.879702;,
  -0.000000;151.169498;-13.933589;,
  9.327258;152.821453;-8.374289;,
  11.713758;147.388774;-5.965489;,
  -0.000000;143.496294;-15.861224;,
  12.328799;147.965030;-7.223616;,
  7.930295;144.170854;-9.223575;,
  8.596742;144.712294;-11.282469;,
  7.147139;142.784256;-9.750954;,
  5.412443;142.475584;-13.861597;,
  -0.000000;136.665510;-16.107469;,
  8.059354;142.906752;-11.915537;,
  8.123509;141.568755;-8.962666;,
  7.559394;136.603456;-12.014540;,
  -0.000000;132.676608;-15.599470;,
  -0.000000;132.594266;-14.284802;,
  6.976364;136.521114;-10.699873;,
  9.029659;141.178496;-11.017254;,
  9.433842;134.853773;-9.928393;,
  8.582894;135.064832;-8.647663;,
  11.210951;141.289766;-8.543531;,
  10.135451;142.067994;-6.986941;,
  12.042756;139.267546;-7.394732;,
  11.045634;139.541696;-5.789605;,
  12.890549;138.067366;-6.358338;,
  11.964675;138.273344;-4.742114;,
  11.018786;133.734285;-5.061410;,
  12.063102;133.649638;-6.290923;,
  8.070121;133.113651;-11.717884;,
  7.286564;133.341440;-10.432238;,
  11.976146;128.191027;-5.540364;,
  10.651682;128.250944;-4.202858;,
  7.170994;126.044275;-10.140278;,
  8.037070;125.857715;-11.469330;,
  13.304646;152.786739;5.181021;,
  12.083522;149.510285;2.115958;,
  11.285660;152.434342;5.331154;,
  12.886370;149.624166;8.398989;,
  13.926806;149.712947;1.870996;,
  12.527054;146.336960;-1.269396;,
  14.593003;149.901158;8.250116;,
  13.920186;146.433779;11.439752;,
  15.368173;152.000256;4.926294;,
  14.002650;146.535373;-1.385120;,
  14.105318;143.232038;1.960301;,
  15.481330;146.600384;11.300712;,
  14.698131;143.302989;8.247586;,
  15.395931;143.292403;1.825655;,
  14.981310;140.233152;5.070218;,
  16.011075;146.953357;-0.259521;,
  16.165498;140.357606;4.947333;,
  17.074661;147.038733;4.870556;,
  16.110125;143.388506;8.175472;,
  17.765610;141.999014;4.882053;,
  17.149387;146.992781;10.027534;,
  -12.083522;149.510285;2.115958;,
  -13.304646;152.786739;5.181021;,
  -11.285660;152.434342;5.331154;,
  -12.886370;149.624166;8.398989;,
  -13.926806;149.712947;1.870996;,
  -12.527054;146.336960;-1.269396;,
  -14.593003;149.901158;8.250116;,
  -13.920186;146.433779;11.439752;,
  -14.002650;146.535373;-1.385120;,
  -14.105318;143.232038;1.960301;,
  -15.368173;152.000256;4.926294;,
  -16.011075;146.953357;-0.259521;,
  -15.395931;143.292403;1.825655;,
  -14.981310;140.233152;5.070218;,
  -17.074661;147.038733;4.870556;,
  -16.165498;140.357606;4.947333;,
  -17.765610;141.999014;4.882053;,
  -16.110125;143.388506;8.175472;,
  -14.698131;143.302989;8.247586;,
  -17.149387;146.992781;10.027534;,
  -15.481330;146.600384;11.300712;;
  366;
  3;0,1,2;,
  3;1,0,3;,
  3;3,4,1;,
  3;4,3,5;,
  3;6,4,5;,
  3;4,6,7;,
  3;8,9,10;,
  3;8,10,11;,
  3;8,11,12;,
  3;12,11,13;,
  3;13,14,12;,
  3;14,13,15;,
  3;16,14,15;,
  3;14,16,17;,
  3;18,19,20;,
  3;18,21,19;,
  3;18,22,21;,
  3;21,22,23;,
  3;24,23,22;,
  3;23,24,25;,
  3;24,26,25;,
  3;26,24,27;,
  3;28,29,30;,
  3;29,28,31;,
  3;32,31,28;,
  3;31,32,33;,
  3;32,34,33;,
  3;34,32,35;,
  3;36,37,38;,
  3;37,36,39;,
  3;40,39,36;,
  3;39,40,41;,
  3;39,42,37;,
  3;43,39,41;,
  3;42,39,44;,
  3;44,45,42;,
  3;39,43,46;,
  3;46,44,39;,
  3;46,43,47;,
  3;46,47,48;,
  3;45,44,49;,
  3;46,49,44;,
  3;48,49,46;,
  3;49,50,45;,
  3;49,48,51;,
  3;50,49,52;,
  3;53,49,51;,
  3;49,53,52;,
  3;54,55,56;,
  3;56,57,54;,
  3;57,56,58;,
  3;54,57,59;,
  3;60,61,62;,
  3;61,60,63;,
  3;63,64,61;,
  3;64,63,65;,
  3;66,63,60;,
  3;63,67,65;,
  3;63,66,68;,
  3;69,68,66;,
  3;67,63,70;,
  3;70,63,68;,
  3;70,71,67;,
  3;70,72,71;,
  3;68,69,73;,
  3;70,68,73;,
  3;73,72,70;,
  3;74,73,69;,
  3;72,73,75;,
  3;73,74,76;,
  3;73,77,75;,
  3;77,73,76;,
  3;78,79,80;,
  3;81,79,78;,
  3;78,82,81;,
  3;79,81,83;,
  3;84,85,86;,
  3;85,84,87;,
  3;88,87,84;,
  3;89,85,87;,
  3;85,89,90;,
  3;87,88,91;,
  3;91,89,87;,
  3;89,92,90;,
  3;93,91,88;,
  3;92,89,94;,
  3;94,95,92;,
  3;89,91,96;,
  3;96,94,89;,
  3;91,93,97;,
  3;97,96,91;,
  3;95,94,98;,
  3;98,99,95;,
  3;93,100,97;,
  3;100,93,101;,
  3;102,100,101;,
  3;100,102,103;,
  3;104,103,102;,
  3;103,104,105;,
  3;103,106,100;,
  3;106,103,105;,
  3;106,97,100;,
  3;105,107,106;,
  3;107,105,108;,
  3;97,106,109;,
  3;96,97,109;,
  3;110,106,107;,
  3;106,110,109;,
  3;109,111,96;,
  3;111,109,110;,
  3;94,96,111;,
  3;112,110,107;,
  3;108,112,107;,
  3;113,94,111;,
  3;94,113,98;,
  3;114,111,110;,
  3;111,114,113;,
  3;110,112,114;,
  3;98,113,115;,
  3;114,115,113;,
  3;99,98,115;,
  3;116,99,115;,
  3;115,114,116;,
  3;99,116,117;,
  3;116,118,117;,
  3;114,119,116;,
  3;118,116,119;,
  3;119,114,112;,
  3;119,120,118;,
  3;112,121,119;,
  3;120,119,121;,
  3;112,108,121;,
  3;108,120,121;,
  3;120,108,122;,
  3;123,124,125;,
  3;124,123,126;,
  3;126,127,124;,
  3;123,128,126;,
  3;128,123,129;,
  3;130,128,129;,
  3;127,126,131;,
  3;128,131,126;,
  3;131,132,127;,
  3;128,130,133;,
  3;134,133,130;,
  3;131,128,135;,
  3;133,135,128;,
  3;132,131,136;,
  3;135,136,131;,
  3;133,134,137;,
  3;138,137,134;,
  3;135,133,139;,
  3;140,133,137;,
  3;133,140,139;,
  3;137,138,141;,
  3;137,141,140;,
  3;138,142,141;,
  3;142,138,143;,
  3;144,142,143;,
  3;141,145,140;,
  3;145,141,142;,
  3;145,139,140;,
  3;142,144,146;,
  3;146,145,142;,
  3;147,146,144;,
  3;139,145,148;,
  3;146,147,149;,
  3;145,146,150;,
  3;150,146,149;,
  3;150,148,145;,
  3;147,151,149;,
  3;151,150,149;,
  3;151,147,152;,
  3;150,151,153;,
  3;148,150,153;,
  3;154,153,151;,
  3;155,139,148;,
  3;139,155,135;,
  3;136,135,155;,
  3;156,148,153;,
  3;148,156,155;,
  3;153,154,156;,
  3;156,136,155;,
  3;157,156,154;,
  3;158,157,154;,
  3;157,158,159;,
  3;136,156,160;,
  3;156,157,160;,
  3;159,160,157;,
  3;160,132,136;,
  3;160,159,161;,
  3;132,160,161;,
  3;162,163,164;,
  3;163,162,165;,
  3;166,164,163;,
  3;165,167,163;,
  3;167,165,168;,
  3;166,163,169;,
  3;170,166,169;,
  3;167,171,163;,
  3;171,169,163;,
  3;168,172,167;,
  3;172,168,173;,
  3;173,174,172;,
  3;174,173,175;,
  3;175,176,174;,
  3;176,172,174;,
  3;176,175,177;,
  3;178,176,177;,
  3;172,176,179;,
  3;176,178,179;,
  3;179,167,172;,
  3;178,180,179;,
  3;167,179,180;,
  3;180,178,181;,
  3;182,180,181;,
  3;180,182,183;,
  3;183,167,180;,
  3;184,183,182;,
  3;167,183,185;,
  3;183,184,185;,
  3;171,167,185;,
  3;186,185,184;,
  3;185,186,171;,
  3;186,187,171;,
  3;169,171,187;,
  3;187,186,188;,
  3;188,189,187;,
  3;189,169,187;,
  3;189,188,190;,
  3;169,189,191;,
  3;191,170,169;,
  3;170,191,192;,
  3;190,193,189;,
  3;193,191,189;,
  3;193,190,194;,
  3;191,195,192;,
  3;194,196,193;,
  3;191,193,196;,
  3;196,194,197;,
  3;198,191,196;,
  3;198,196,197;,
  3;198,195,191;,
  3;199,198,197;,
  3;198,199,200;,
  3;200,195,198;,
  3;201,195,200;,
  3;201,202,203;,
  3;203,202,204;,
  3;205,204,202;,
  3;204,205,206;,
  3;203,204,207;,
  3;207,208,203;,
  3;204,206,209;,
  3;204,209,207;,
  3;210,209,206;,
  3;207,211,208;,
  3;209,210,212;,
  3;212,207,209;,
  3;213,212,210;,
  3;212,213,214;,
  3;207,212,214;,
  3;215,214,213;,
  3;211,207,216;,
  3;214,216,207;,
  3;211,216,217;,
  3;214,215,218;,
  3;216,214,218;,
  3;219,218,215;,
  3;217,216,220;,
  3;217,220,221;,
  3;220,222,221;,
  3;222,220,223;,
  3;224,216,218;,
  3;216,224,220;,
  3;218,219,224;,
  3;225,223,220;,
  3;224,225,220;,
  3;223,225,226;,
  3;219,227,224;,
  3;225,224,227;,
  3;227,219,228;,
  3;228,229,227;,
  3;229,225,227;,
  3;229,228,230;,
  3;230,231,229;,
  3;225,229,231;,
  3;231,230,232;,
  3;233,231,232;,
  3;234,225,231;,
  3;231,233,234;,
  3;235,226,225;,
  3;225,234,235;,
  3;226,235,236;,
  3;233,237,234;,
  3;237,235,234;,
  3;237,233,238;,
  3;239,237,238;,
  3;240,236,235;,
  3;236,240,239;,
  3;235,237,240;,
  3;237,239,240;,
  3;241,242,243;,
  3;244,241,243;,
  3;242,241,245;,
  3;245,246,242;,
  3;241,244,247;,
  3;248,247,244;,
  3;249,245,241;,
  3;247,249,241;,
  3;246,245,250;,
  3;250,251,246;,
  3;247,248,252;,
  3;253,252,248;,
  3;251,250,254;,
  3;254,255,251;,
  3;256,250,245;,
  3;256,254,250;,
  3;256,245,249;,
  3;255,254,257;,
  3;256,249,258;,
  3;255,259,253;,
  3;259,255,257;,
  3;252,253,259;,
  3;260,257,254;,
  3;260,254,256;,
  3;260,259,257;,
  3;256,258,260;,
  3;259,261,252;,
  3;260,261,259;,
  3;261,260,258;,
  3;249,261,258;,
  3;261,247,252;,
  3;261,249,247;,
  3;262,263,264;,
  3;263,265,264;,
  3;263,262,266;,
  3;267,266,262;,
  3;265,263,268;,
  3;268,269,265;,
  3;266,267,270;,
  3;271,270,267;,
  3;272,263,266;,
  3;268,263,272;,
  3;273,266,270;,
  3;273,272,266;,
  3;270,271,274;,
  3;273,270,274;,
  3;275,274,271;,
  3;273,276,272;,
  3;274,275,277;,
  3;278,273,274;,
  3;278,274,277;,
  3;273,278,276;,
  3;275,279,277;,
  3;278,277,279;,
  3;279,275,280;,
  3;281,276,278;,
  3;278,279,281;,
  3;272,276,281;,
  3;281,268,272;,
  3;280,282,279;,
  3;279,282,281;,
  3;281,282,268;,
  3;282,280,269;,
  3;269,268,282;;

  MeshNormals {
   283;
   -0.205440;-0.358130;0.910790;,
   -0.939738;0.341677;0.012226;,
   -0.824392;-0.528351;0.203036;,
   -0.034651;0.072880;0.996739;,
   -0.997614;-0.054972;0.041757;,
   0.068252;0.274574;0.959141;,
   -0.033564;0.518931;0.854157;,
   -0.625127;-0.682898;0.377977;,
   -0.952265;0.032665;0.303520;,
   -0.797195;-0.602888;0.031721;,
   -0.670628;-0.665737;0.327189;,
   -0.746239;-0.644596;0.166200;,
   -0.999967;0.007171;0.003938;,
   -0.666969;-0.709392;-0.227850;,
   -0.632196;-0.069227;-0.771709;,
   -0.412147;-0.693998;-0.590340;,
   0.000000;-0.712487;-0.701686;,
   0.000000;0.020486;-0.999790;,
   0.952265;0.032665;0.303520;,
   0.670628;-0.665737;0.327189;,
   0.797195;-0.602888;0.031721;,
   0.746239;-0.644596;0.166200;,
   0.999967;0.007171;0.003938;,
   0.666969;-0.709392;-0.227850;,
   0.632196;-0.069227;-0.771709;,
   0.412147;-0.693998;-0.590340;,
   0.000000;-0.712487;-0.701686;,
   0.000000;0.020486;-0.999790;,
   0.939738;0.341677;0.012226;,
   0.205440;-0.358130;0.910790;,
   0.824392;-0.528351;0.203036;,
   0.034652;0.072880;0.996739;,
   0.997614;-0.054972;0.041757;,
   -0.068252;0.274574;0.959141;,
   0.033564;0.518931;0.854157;,
   0.625127;-0.682898;0.377977;,
   0.000000;0.990724;-0.135888;,
   0.707288;0.659460;-0.254667;,
   0.000000;0.927114;-0.374780;,
   0.701016;0.711296;0.051334;,
   0.000000;0.985908;0.167286;,
   0.000000;0.932829;0.360319;,
   0.997519;-0.062822;0.031776;,
   0.000000;0.753026;0.657991;,
   0.976080;0.067688;0.206609;,
   0.695828;-0.693360;0.187283;,
   0.683425;0.256468;0.683487;,
   0.000000;0.381814;0.924239;,
   0.000000;-0.146436;0.989220;,
   0.706067;-0.520116;0.480571;,
   0.000000;-0.935888;0.352298;,
   0.000000;-0.465339;0.885133;,
   0.000000;-0.799040;0.601278;,
   0.000000;-0.566714;0.823914;,
   0.056355;0.118842;0.991313;,
   0.000000;0.150867;0.988554;,
   0.000000;-0.299468;0.954107;,
   0.205416;-0.656051;0.726224;,
   0.346034;0.093057;0.933596;,
   0.290421;-0.334972;0.896353;,
   -0.707288;0.659460;-0.254667;,
   0.000000;0.990724;-0.135888;,
   0.000000;0.927114;-0.374780;,
   -0.701016;0.711296;0.051334;,
   0.000000;0.985908;0.167286;,
   0.000000;0.932829;0.360319;,
   -0.997519;-0.062822;0.031776;,
   0.000000;0.753026;0.657991;,
   -0.976080;0.067688;0.206609;,
   -0.695828;-0.693360;0.187283;,
   -0.683425;0.256468;0.683487;,
   0.000000;0.381814;0.924239;,
   0.000000;-0.146436;0.989220;,
   -0.706067;-0.520116;0.480571;,
   0.000000;-0.935888;0.352298;,
   0.000000;-0.465339;0.885133;,
   0.000000;-0.799040;0.601278;,
   0.000000;-0.566714;0.823914;,
   -0.056355;0.118842;0.991313;,
   0.000000;-0.299468;0.954107;,
   0.000000;0.150867;0.988554;,
   -0.205416;-0.656051;0.726224;,
   -0.290421;-0.334972;0.896353;,
   -0.346034;0.093057;0.933596;,
   -0.412147;-0.693998;-0.590340;,
   0.000000;-0.635337;0.772235;,
   0.000000;-0.712487;-0.701686;,
   0.374078;-0.653323;0.658206;,
   -0.666969;-0.709392;-0.227850;,
   0.516402;0.129758;0.846458;,
   0.000000;0.180212;0.983628;,
   0.608990;-0.688026;0.394655;,
   0.000000;0.487795;0.872958;,
   -0.746239;-0.644596;0.166200;,
   0.515382;0.408148;0.753522;,
   0.000000;0.768829;0.639455;,
   0.902522;0.022345;0.430063;,
   0.677379;-0.732660;0.066082;,
   0.360771;0.717895;0.595375;,
   0.000000;0.977066;0.212938;,
   0.670543;-0.725576;-0.154633;,
   -0.670628;-0.665737;0.327189;,
   -0.797195;-0.602888;0.031721;,
   0.086107;-0.641361;-0.762392;,
   -0.952265;0.032665;0.303520;,
   0.683332;-0.007644;-0.730067;,
   0.903652;-0.045109;-0.425886;,
   0.869478;0.173703;-0.462423;,
   0.587118;0.335511;-0.736699;,
   0.997480;-0.041104;-0.057832;,
   0.946325;0.313761;-0.077609;,
   0.876667;0.348763;0.331390;,
   0.729097;0.525076;-0.438992;,
   0.698115;0.670330;0.251583;,
   0.738119;0.669327;-0.084746;,
   0.415614;0.889600;0.189411;,
   0.463496;0.880918;-0.095687;,
   0.000000;0.996989;-0.077550;,
   0.000000;0.932480;-0.361221;,
   0.475755;0.787279;-0.392236;,
   0.000000;0.709989;-0.704213;,
   0.513579;0.532578;-0.672754;,
   0.000000;0.527373;-0.849634;,
   0.000000;-0.635337;0.772235;,
   0.412147;-0.693998;-0.590340;,
   0.000000;-0.712487;-0.701686;,
   -0.374078;-0.653323;0.658206;,
   0.666969;-0.709392;-0.227850;,
   -0.516402;0.129758;0.846458;,
   0.000000;0.180212;0.983628;,
   0.000000;0.487795;0.872958;,
   -0.608990;-0.688026;0.394655;,
   0.746239;-0.644596;0.166200;,
   -0.515382;0.408148;0.753522;,
   0.000000;0.768829;0.639455;,
   -0.902522;0.022345;0.430063;,
   -0.677379;-0.732660;0.066082;,
   -0.360771;0.717895;0.595375;,
   0.000000;0.977066;0.212938;,
   -0.876667;0.348763;0.331390;,
   -0.698115;0.670330;0.251583;,
   -0.415614;0.889600;0.189411;,
   -0.463496;0.880918;-0.095687;,
   0.000000;0.996989;-0.077550;,
   0.000000;0.932480;-0.361221;,
   -0.738119;0.669327;-0.084746;,
   -0.475755;0.787279;-0.392236;,
   0.000000;0.709989;-0.704213;,
   -0.946325;0.313762;-0.077609;,
   -0.513579;0.532578;-0.672754;,
   -0.729097;0.525076;-0.438992;,
   -0.587118;0.335511;-0.736699;,
   0.000000;0.527373;-0.849634;,
   -0.869478;0.173703;-0.462423;,
   -0.683332;-0.007644;-0.730068;,
   -0.997480;-0.041104;-0.057832;,
   -0.903652;-0.045109;-0.425886;,
   -0.086107;-0.641361;-0.762392;,
   0.952265;0.032665;0.303520;,
   0.797195;-0.602888;0.031721;,
   -0.670543;-0.725576;-0.154633;,
   0.670628;-0.665737;0.327189;,
   0.000000;-0.999014;-0.044398;,
   -0.516104;-0.534295;-0.669452;,
   0.000000;-0.731010;-0.682367;,
   0.625127;-0.682898;0.377977;,
   -0.000000;-0.081054;-0.996710;,
   -0.449667;-0.049787;-0.891807;,
   0.997614;-0.054972;0.041757;,
   -0.476548;0.075114;-0.875934;,
   -0.000000;0.155819;-0.987786;,
   -0.781528;0.343697;-0.520659;,
   0.064042;0.292389;-0.954153;,
   0.939738;0.341677;0.012226;,
   -0.019781;-0.682313;-0.730793;,
   0.824392;-0.528351;0.203036;,
   -0.860928;-0.483113;0.159387;,
   0.205440;-0.358130;0.910790;,
   0.034652;0.072880;0.996739;,
   -0.995550;-0.093841;0.008587;,
   -0.984380;0.175236;-0.016985;,
   -0.068252;0.274574;0.959141;,
   0.033564;0.518931;0.854157;,
   -0.920617;0.311717;-0.235154;,
   -0.556319;0.830953;-0.005116;,
   -0.751374;0.572962;-0.327340;,
   -0.414279;0.910136;-0.005138;,
   -0.876565;0.069240;-0.476277;,
   -0.346034;0.093057;0.933596;,
   -0.844194;-0.182134;-0.504147;,
   -0.205416;-0.656051;0.726224;,
   -0.481130;0.306796;-0.821213;,
   0.000000;0.333950;-0.942591;,
   -0.998132;0.018301;-0.058288;,
   -0.290421;-0.334972;0.896353;,
   0.000000;0.487354;-0.873205;,
   -0.800600;0.590187;-0.103532;,
   -0.056355;0.118842;0.991313;,
   -0.660988;0.746603;-0.075355;,
   0.000000;0.150867;0.988554;,
   0.000000;0.996971;-0.077780;,
   1.000000;0.000000;0.000000;,
   0.000000;0.996971;-0.077780;,
   0.000000;0.487354;-0.873205;,
   0.660988;0.746603;-0.075355;,
   0.000000;0.150867;0.988554;,
   0.056355;0.118842;0.991313;,
   0.481130;0.306796;-0.821213;,
   0.000000;0.333950;-0.942591;,
   0.800600;0.590187;-0.103532;,
   0.290421;-0.334972;0.896353;,
   -0.000000;0.155819;-0.987786;,
   0.998132;0.018301;-0.058288;,
   0.205416;-0.656051;0.726224;,
   0.844194;-0.182134;-0.504147;,
   0.346034;0.093057;0.933596;,
   0.476548;0.075114;-0.875934;,
   -0.000000;-0.081054;-0.996710;,
   0.876565;0.069240;-0.476277;,
   0.414279;0.910136;-0.005138;,
   0.516104;-0.534295;-0.669452;,
   0.000000;-0.731010;-0.682367;,
   0.000000;-0.999014;-0.044398;,
   -0.625127;-0.682898;0.377977;,
   0.781528;0.343697;-0.520659;,
   0.449667;-0.049787;-0.891807;,
   -0.997614;-0.054972;0.041757;,
   0.751374;0.572962;-0.327340;,
   0.556319;0.830953;-0.005116;,
   0.920617;0.311717;-0.235154;,
   -0.033564;0.518931;0.854157;,
   0.984380;0.175236;-0.016985;,
   0.068252;0.274574;0.959141;,
   -0.034651;0.072880;0.996739;,
   0.995550;-0.093841;0.008587;,
   -0.064042;0.292389;-0.954153;,
   -0.939738;0.341677;0.012226;,
   0.860928;-0.483113;0.159387;,
   -0.205440;-0.358130;0.910790;,
   -0.824392;-0.528351;0.203036;,
   0.019781;-0.682313;-0.730793;,
   0.055124;0.998447;-0.008046;,
   -0.169743;0.707037;-0.686502;,
   -0.173399;0.984635;-0.020671;,
   -0.053993;0.700043;0.712057;,
   0.050853;0.724844;-0.687033;,
   -0.092465;0.080971;-0.992418;,
   0.189856;0.728601;0.658100;,
   0.074687;0.069147;0.994807;,
   0.608990;0.788687;-0.084279;,
   0.159093;0.033584;-0.986692;,
   -0.031242;-0.717588;-0.695766;,
   0.320846;0.021984;0.946876;,
   0.084913;-0.699996;0.709080;,
   0.290327;-0.633971;-0.716792;,
   0.090344;-0.995911;0.000557;,
   0.692568;0.176190;-0.699505;,
   0.399637;-0.915670;-0.042882;,
   0.967255;0.230178;-0.106936;,
   0.401742;-0.628898;0.665650;,
   0.895623;-0.438801;-0.072889;,
   0.808315;0.176227;0.561757;,
   0.169743;0.707037;-0.686502;,
   -0.055124;0.998447;-0.008046;,
   0.173399;0.984635;-0.020671;,
   0.053993;0.700043;0.712057;,
   -0.050853;0.724844;-0.687033;,
   0.092465;0.080971;-0.992418;,
   -0.189856;0.728601;0.658100;,
   -0.074687;0.069147;0.994807;,
   -0.159093;0.033584;-0.986692;,
   0.031242;-0.717588;-0.695766;,
   -0.608990;0.788688;-0.084279;,
   -0.692568;0.176190;-0.699505;,
   -0.290327;-0.633971;-0.716792;,
   -0.090344;-0.995911;0.000557;,
   -0.967255;0.230178;-0.106936;,
   -0.399637;-0.915670;-0.042882;,
   -0.895623;-0.438801;-0.072889;,
   -0.401742;-0.628898;0.665650;,
   -0.084913;-0.699996;0.709080;,
   -0.808315;0.176227;0.561757;,
   -0.320846;0.021984;0.946876;;
   366;
   3;0,1,2;,
   3;1,0,3;,
   3;3,4,1;,
   3;4,3,5;,
   3;6,4,5;,
   3;4,6,7;,
   3;8,9,10;,
   3;8,10,11;,
   3;8,11,12;,
   3;12,11,13;,
   3;13,14,12;,
   3;14,13,15;,
   3;16,14,15;,
   3;14,16,17;,
   3;18,19,20;,
   3;18,21,19;,
   3;18,22,21;,
   3;21,22,23;,
   3;24,23,22;,
   3;23,24,25;,
   3;24,26,25;,
   3;26,24,27;,
