xof 0303txt 0032
template ColorRGBA {
 <35ff44e0-6c7c-11cf-8f52-0040333594a3>
 FLOAT red;
 FLOAT green;
 FLOAT blue;
 FLOAT alpha;
}

template ColorRGB {
 <d3e16e81-7835-11cf-8f52-0040333594a3>
 FLOAT red;
 FLOAT green;
 FLOAT blue;
}

template Material {
 <3d82ab4d-62da-11cf-ab39-0020af71e433>
 ColorRGBA faceColor;
 FLOAT power;
 ColorRGB specularColor;
 ColorRGB emissiveColor;
 [...]
}

template TextureFilename {
 <a42790e1-7810-11cf-8f52-0040333594a3>
 STRING filename;
}

template Frame {
 <3d82ab46-62da-11cf-ab39-0020af71e433>
 [...]
}

template Matrix4x4 {
 <f6f23f45-7686-11cf-8f52-0040333594a3>
 array FLOAT matrix[16];
}

template FrameTransformMatrix {
 <f6f23f41-7686-11cf-8f52-0040333594a3>
 Matrix4x4 frameMatrix;
}

template Vector {
 <3d82ab5e-62da-11cf-ab39-0020af71e433>
 FLOAT x;
 FLOAT y;
 FLOAT z;
}

template MeshFace {
 <3d82ab5f-62da-11cf-ab39-0020af71e433>
 DWORD nFaceVertexIndices;
 array DWORD faceVertexIndices[nFaceVertexIndices];
}

template Mesh {
 <3d82ab44-62da-11cf-ab39-0020af71e433>
 DWORD nVertices;
 array Vector vertices[nVertices];
 DWORD nFaces;
 array MeshFace faces[nFaces];
 [...]
}

template MeshNormals {
 <f6f23f43-7686-11cf-8f52-0040333594a3>
 DWORD nNormals;
 array Vector normals[nNormals];
 DWORD nFaceNormals;
 array MeshFace faceNormals[nFaceNormals];
}

template MeshMaterialList {
 <f6f23f42-7686-11cf-8f52-0040333594a3>
 DWORD nMaterials;
 DWORD nFaceIndexes;
 array DWORD faceIndexes[nFaceIndexes];
 [Material <3d82ab4d-62da-11cf-ab39-0020af71e433>]
}

template Coords2d {
 <f6f23f44-7686-11cf-8f52-0040333594a3>
 FLOAT u;
 FLOAT v;
}

template MeshTextureCoords {
 <f6f23f40-7686-11cf-8f52-0040333594a3>
 DWORD nTextureCoords;
 array Coords2d textureCoords[nTextureCoords];
}

template XSkinMeshHeader {
 <3cf169ce-ff7c-44ab-93c0-f78f62d172e2>
 WORD nMaxSkinWeightsPerVertex;
 WORD nMaxSkinWeightsPerFace;
 WORD nBones;
}

template SkinWeights {
 <6f0d123b-bad2-4167-a0d0-80224f25fabb>
 STRING transformNodeName;
 DWORD nWeights;
 array DWORD vertexIndices[nWeights];
 array FLOAT weights[nWeights];
 Matrix4x4 matrixOffset;
}

template AnimTicksPerSecond {
 <9e415a43-7ba6-4a73-8743-b73d47e88476>
 DWORD AnimTicksPerSecond;
}

template Animation {
 <3d82ab4f-62da-11cf-ab39-0020af71e433>
 [...]
}

template AnimationSet {
 <3d82ab50-62da-11cf-ab39-0020af71e433>
 [Animation <3d82ab4f-62da-11cf-ab39-0020af71e433>]
}

template FloatKeys {
 <10dd46a9-775b-11cf-8f52-0040333594a3>
 DWORD nValues;
 array FLOAT values[nValues];
}

template TimedFloatKeys {
 <f406b180-7b3b-11cf-8f52-0040333594a3>
 DWORD time;
 FloatKeys tfkeys;
}

template AnimationKey {
 <10dd46a8-775b-11cf-8f52-0040333594a3>
 DWORD keyType;
 DWORD nKeys;
 array TimedFloatKeys keys[nKeys];
}


Material MI_BloodyQueen {
 1.000000;1.000000;1.000000;1.000000;;
 10.000000;
 0.000000;0.000000;0.000000;;
 0.000000;0.000000;0.000000;;

 TextureFilename {
  "BloodyQueen_dn.tga";
 }
}

Frame Root {
 

 FrameTransformMatrix {
  0.000066,0.000000,1.000000,0.000000,0.000000,1.000000,0.000000,0.000000,-1.000000,0.000000,0.000066,0.000000,0.000000,0.000000,0.000000,1.000000;;
 }

 Frame Bip01 {
  

  FrameTransformMatrix {
   -0.301516,0.229451,-0.925441,0.000000,0.229450,0.959549,0.163150,0.000000,0.925441,-0.163150,-0.341967,0.000000,-0.010635,43.721370,-0.834000,1.000000;;
  }

  Frame Bip01-Pelvis {
   

   FrameTransformMatrix {
    0.000061,1.000000,-0.000061,0.000000,-0.000061,0.000061,1.000000,0.000000,1.000000,-0.000061,0.000061,0.000000,-0.031574,0.000000,-0.000000,1.000000;;
   }

   Frame Bip01-Spine {
    

    FrameTransformMatrix {
     0.965734,-0.000000,0.259535,0.000000,0.000000,1.000000,0.000000,0.000000,-0.259535,0.000000,0.965734,0.000000,2.855640,-0.000001,0.185924,1.000000;;
    }

    Frame Bip01-Spine1 {
     

     FrameTransformMatrix {
      0.994612,0.010730,-0.103108,0.000000,0.004895,0.988659,0.150099,0.000000,0.103549,-0.149795,0.983280,0.000000,1.903217,0.000637,-0.004172,1.000000;;
     }

     Frame Bip01-Spine2 {
      

      FrameTransformMatrix {
       0.903010,-0.386549,-0.187492,0.000000,0.395426,0.918433,0.010959,0.000000,0.167962,-0.084035,0.982205,0.000000,5.326572,0.000610,-0.007160,1.000000;;
      }

      Frame Bip01-Neck {
       

       FrameTransformMatrix {
        1.000000,-0.000000,-0.000000,0.000000,0.000000,1.000000,0.000000,0.000000,-0.000000,-0.000000,1.000000,0.000000,9.156742,0.000000,-0.001548,1.000000;;
       }

       Frame Bip01-Head {
        

        FrameTransformMatrix {
         0.835214,0.337024,0.434548,0.000000,-0.157239,0.903563,-0.398561,0.000000,-0.526966,0.264556,0.807662,0.000000,1.941994,0.000000,0.000000,1.000000;;
        }
       }

       Frame Bip01-L-Clavicle {
        

        FrameTransformMatrix {
         -0.365922,0.924696,-0.105069,0.000000,0.930645,0.363487,-0.042155,0.000000,-0.000789,-0.113207,-0.993571,0.000000,-1.103058,1.707766,-0.412960,1.000000;;
        }

        Frame Bip01-L-UpperArm {
         

         FrameTransformMatrix {
          0.734777,-0.676574,0.048474,0.000000,0.558794,0.563256,-0.608681,0.000000,0.384515,0.474332,0.791933,0.000000,3.874770,0.000000,0.000001,1.000000;;
         }

         Frame Bip01-L-Forearm {
          

          FrameTransformMatrix {
           0.452248,0.000000,-0.891892,0.000000,-0.000000,1.000000,0.000000,0.000000,0.891892,0.000000,0.452249,0.000000,11.092892,0.000008,0.000000,1.000000;;
          }

          Frame Bip01-L-Hand {
           

           FrameTransformMatrix {
            0.842458,-0.372647,0.389100,0.000000,0.006525,0.729216,0.684253,0.000000,-0.538723,-0.573915,0.616765,0.000000,9.524281,-0.000004,-0.000004,1.000000;;
           }

           Frame Bip01-L-Finger0 {
            

            FrameTransformMatrix {
             0.815049,-0.146324,0.560610,0.000000,0.578381,0.148357,-0.802163,0.000000,0.034205,0.978049,0.205550,0.000000,3.336983,-1.918008,0.897163,1.000000;;
            }

            Frame Bip01-L-Finger01 {
             

             FrameTransformMatrix {
              0.965941,-0.000000,0.258762,0.000000,0.000000,1.000000,-0.000000,0.000000,-0.258762,-0.000000,0.965941,0.000000,1.485477,-0.000000,0.000000,1.000000;;
             }
            }
           }

           Frame Bip01-L-Finger1 {
            

            FrameTransformMatrix {
             0.956274,0.008463,0.292351,0.000000,-0.008319,0.999964,-0.001737,0.000000,-0.292355,-0.000771,0.956309,0.000000,4.334103,-0.009271,0.060648,1.000000;;
            }

            Frame Bip01-L-Finger11 {
             

             FrameTransformMatrix {
              0.675630,0.000000,0.737241,0.000000,0.000000,1.000000,0.000000,0.000000,-0.737241,0.000000,0.675630,0.000000,1.638180,0.000001,-0.000004,1.000000;;
             }
            }
           }
          }
         }
        }

        Frame Bone26 {
         

         FrameTransformMatrix {
          0.831628,0.532769,-0.156692,0.000000,-0.017090,-0.257472,-0.966135,0.000000,-0.555071,0.806142,-0.205016,0.000000,3.879400,0.778397,-0.107735,1.000000;;
         }
        }
       }

       Frame Bip01-R-Clavicle {
        

        FrameTransformMatrix {
         -0.365922,-0.924696,-0.105063,0.000000,-0.930645,0.363487,0.042153,0.000000,-0.000790,0.113201,-0.993572,0.000000,-1.103054,-1.707770,-0.412952,1.000000;;
        }

        Frame Bip01-R-UpperArm {
         

         FrameTransformMatrix {
          0.989116,-0.117475,0.088601,0.000000,-0.039264,0.369590,0.928365,0.000000,-0.141806,-0.921739,0.360955,0.000000,3.874769,0.000000,0.000001,1.000000;;
         }

         Frame Bip01-R-Forearm {
          

          FrameTransformMatrix {
           -0.121226,0.000000,-0.992625,0.000000,0.000000,1.000000,-0.000000,0.000000,0.992625,-0.000000,-0.121226,0.000000,11.092890,0.000002,0.000004,1.000000;;
          }

          Frame Bip01-R-Hand {
           

           FrameTransformMatrix {
            0.954165,0.130901,0.269135,0.000000,-0.002080,0.902153,-0.431412,0.000000,-0.299273,0.411078,0.861075,0.000000,9.524273,0.000000,0.000002,1.000000;;
           }

           Frame Bip01-R-Finger0 {
            

            FrameTransformMatrix {
             0.643682,0.194813,0.740082,0.000000,-0.764237,0.112836,0.634989,0.000000,0.040196,-0.974329,0.221513,0.000000,3.336979,1.918005,0.897162,1.000000;;
            }

            Frame Bip01-R-Finger01 {
             

             FrameTransformMatrix {
              0.956310,-0.000000,0.292356,0.000000,0.000000,1.000000,0.000000,0.000000,-0.292356,-0.000000,0.956310,0.000000,1.485485,-0.000001,0.000000,1.000000;;
             }
            }
           }

           Frame Bip01-R-Finger1 {
            

            FrameTransformMatrix {
             0.824118,-0.007867,0.566363,0.000000,0.008338,0.999964,0.001758,0.000000,-0.566356,0.003273,0.824154,0.000000,4.334103,0.009270,0.060644,1.000000;;
            }

            Frame Bip01-R-Finger11 {
             

             FrameTransformMatrix {
              0.608787,0.000000,0.793334,0.000000,0.000000,1.000000,-0.000000,0.000000,-0.793334,0.000000,0.608787,0.000000,1.638176,0.000000,0.000000,1.000000;;
             }
            }
           }
          }
         }
        }

        Frame Bone53 {
         

         FrameTransformMatrix {
          -0.779933,0.601254,0.173776,0.000000,-0.198207,-0.500654,0.842650,0.000000,0.593649,0.622767,0.509650,0.000000,3.879394,-0.778404,-0.107736,1.000000;;
         }
        }
       }
      }

      Frame Bone01 {
       

       FrameTransformMatrix {
        0.434639,0.699004,-0.567876,0.000000,-0.217411,0.693337,0.687035,0.000000,0.873969,-0.175150,0.453322,0.000000,2.522953,1.925575,-3.841202,1.000000;;
       }

       Frame Bone02 {
        

        FrameTransformMatrix {
         0.948879,-0.016405,0.315212,0.000000,0.029136,0.998937,-0.035718,0.000000,-0.314291,0.043076,0.948349,0.000000,5.299547,0.000000,0.000004,1.000000;;
        }

        Frame Bone03 {
         

         FrameTransformMatrix {
          0.115447,-0.043072,-0.992380,0.000000,-0.237100,0.968986,-0.069639,0.000000,0.964602,0.243333,0.101654,0.000000,8.344154,0.104928,-0.006691,1.000000;;
         }
        }

        Frame Bone07 {
         

         FrameTransformMatrix {
          -0.775890,-0.164012,-0.609175,0.000000,-0.075677,0.982839,-0.168228,0.000000,0.626313,-0.084426,-0.774987,0.000000,8.166874,0.175466,0.106678,1.000000;;
         }

         Frame Bone08 {
          

          FrameTransformMatrix {
           0.938765,0.328629,-0.103557,0.000000,-0.338849,0.935015,-0.104540,0.000000,0.062473,0.133228,0.989115,0.000000,7.972992,0.000000,0.000001,1.000000;;
          }
         }
        }
       }
      }

      Frame Bone66 {
       

       FrameTransformMatrix {
        -0.434533,0.699038,0.567915,0.000000,0.217327,0.693305,-0.687094,0.000000,-0.874043,-0.175142,-0.453183,0.000000,2.522949,-1.925597,-3.841193,1.000000;;
       }

       Frame Bone62 {
        

        FrameTransformMatrix {
         0.948880,-0.016405,0.315212,0.000000,0.029136,0.998937,-0.035718,0.000000,-0.314291,0.043076,0.948349,0.000000,5.299547,0.000000,0.000000,1.000000;;
        }

        Frame Bone65 {
         

         FrameTransformMatrix {
          0.115447,-0.043072,-0.992380,0.000000,-0.237100,0.968986,-0.069639,0.000000,0.964601,0.243333,0.101654,0.000000,8.344150,0.104929,-0.006695,1.000000;;
         }
        }
       }
      }
     }
    }

    Frame Bip01-L-Thigh {
     

     FrameTransformMatrix {
      -0.933543,0.148049,0.326463,0.000000,-0.098835,-0.981732,0.162587,0.000000,0.344570,0.119516,0.931122,0.000000,-2.806007,3.418824,0.561731,1.000000;;
     }

     Frame Bip01-L-Calf {
      

      FrameTransformMatrix {
       0.886321,-0.000000,-0.463072,0.000000,0.000000,1.000000,-0.000000,0.000000,0.463072,0.000000,0.886321,0.000000,17.458240,-0.000000,0.000000,1.000000;;
      }

      Frame Bip01-L-Foot {
       

       FrameTransformMatrix {
        0.981655,-0.058444,0.181489,0.000000,0.004695,0.958983,0.283423,0.000000,-0.190610,-0.277371,0.941665,0.000000,18.652691,-0.000000,-0.000000,1.000000;;
       }

       Frame Bip01-L-Toe0 {
        

        FrameTransformMatrix {
         0.515053,0.000000,0.857159,0.000000,0.000000,1.000000,0.000000,0.000000,-0.857159,-0.000000,0.515053,0.000000,6.344810,0.000000,2.777984,1.000000;;
        }
       }
      }
     }
    }

    Frame Bip01-R-Thigh {
     

     FrameTransformMatrix {
      -0.969355,0.201671,-0.140281,0.000000,-0.198432,-0.979421,-0.036857,0.000000,-0.144827,-0.007891,0.989426,0.000000,-2.806019,-3.418820,0.561750,1.000000;;
     }

     Frame Bip01-R-Calf {
      

      FrameTransformMatrix {
       0.999998,-0.000000,-0.001892,0.000000,0.000000,1.000000,-0.000000,0.000000,0.001892,-0.000000,0.999998,0.000000,17.458237,-0.000000,0.000000,1.000000;;
      }

      Frame Bip01-R-Foot {
       

       FrameTransformMatrix {
        0.984562,0.034524,0.171600,0.000000,0.077126,0.794493,-0.602356,0.000000,-0.157131,0.606291,0.779565,0.000000,18.652691,-0.000001,0.000000,1.000000;;
       }

       Frame Bip01-R-Toe0 {
        

        FrameTransformMatrix {
         0.515053,-0.000000,0.857159,0.000000,0.000000,1.000000,0.000000,0.000000,-0.857159,0.000000,0.515053,0.000000,6.344812,0.000001,2.777985,1.000000;;
        }
       }
      }
     }
    }

    Frame Bone21 {
     

     FrameTransformMatrix {
      -0.878523,0.474412,0.055946,0.000000,0.465979,0.876854,-0.118279,0.000000,-0.105170,-0.077841,-0.991403,0.000000,1.284000,4.614847,0.023857,1.000000;;
     }

     Frame Bone22 {
      

      FrameTransformMatrix {
       0.997263,-0.067515,-0.030146,0.000000,0.067528,0.997717,-0.000592,0.000000,0.030117,-0.001446,0.999545,0.000000,3.521626,0.000000,0.000000,1.000000;;
      }

      Frame Bone14 {
       

       FrameTransformMatrix {
        0.988011,-0.148568,0.041974,0.000000,0.147778,0.988790,0.021363,0.000000,-0.044678,-0.014904,0.998890,0.000000,5.686691,0.000000,0.000000,1.000000;;
       }

       Frame Bone15 {
        

        FrameTransformMatrix {
         0.970178,0.150866,-0.189724,0.000000,-0.157082,0.987420,-0.018077,0.000000,0.184610,0.047340,0.981671,0.000000,13.901621,0.000000,-0.000000,1.000000;;
        }

        Frame Bone23 {
         

         FrameTransformMatrix {
          0.929187,0.226014,-0.292453,0.000000,-0.237993,0.971251,-0.005551,0.000000,0.282791,0.074760,0.956264,0.000000,10.860703,0.000000,-0.000000,1.000000;;
         }
        }
       }
      }
     }
    }

    Frame Bone16 {
     

     FrameTransformMatrix {
      -0.826705,0.192019,-0.528855,0.000000,0.561738,0.228607,-0.795104,0.000000,-0.031775,-0.954394,-0.296854,0.000000,0.338585,1.886871,-2.985117,1.000000;;
     }

     Frame Bone17 {
      

      FrameTransformMatrix {
       0.975864,-0.200261,-0.087096,0.000000,0.189618,0.974868,-0.116952,0.000000,0.108328,0.097614,0.989311,0.000000,3.498036,-0.000002,0.000001,1.000000;;
      }

      Frame Bone18 {
       

       FrameTransformMatrix {
        0.969973,-0.231588,-0.074298,0.000000,0.233713,0.972075,0.021194,0.000000,0.067315,-0.037922,0.997011,0.000000,5.824570,0.000000,0.000000,1.000000;;
       }

       Frame Bone19 {
        

        FrameTransformMatrix {
         0.909837,-0.228183,-0.346596,0.000000,0.213815,0.973617,-0.079707,0.000000,0.355640,-0.001588,0.934622,0.000000,15.420862,0.000001,-0.000000,1.000000;;
        }

        Frame Bone20 {
         

         FrameTransformMatrix {
          0.884180,-0.038798,-0.465532,0.000000,-0.012179,0.994292,-0.105997,0.000000,0.466987,0.099390,0.878661,0.000000,11.020168,0.000000,0.000000,1.000000;;
         }
        }
       }
      }
     }
    }

    Frame Bone28 {
     

     FrameTransformMatrix {
      0.826884,0.192363,0.528450,0.000000,-0.561451,0.228607,0.795306,0.000000,0.032180,-0.954325,0.297033,0.000000,0.338573,-1.886879,-2.985111,1.000000;;
     }

     Frame Bone42 {
      

      FrameTransformMatrix {
       0.950073,-0.255739,0.178770,0.000000,0.272956,0.958773,-0.079053,0.000000,-0.151183,0.123903,0.980710,0.000000,3.498032,0.000004,-0.000002,1.000000;;
      }

      Frame Bone43 {
       

       FrameTransformMatrix {
        0.972220,-0.233738,0.012465,0.000000,0.233570,0.972245,0.013585,0.000000,-0.015294,-0.010296,0.999830,0.000000,5.824566,0.000002,0.000000,1.000000;;
       }

       Frame Bone44 {
        

        FrameTransformMatrix {
         0.986568,-0.140871,0.082700,0.000000,0.144711,0.988565,-0.042405,0.000000,-0.075781,0.053803,0.995672,0.000000,15.420872,-0.000001,0.000000,1.000000;;
        }

        Frame Bone45 {
         

         FrameTransformMatrix {
          0.965977,-0.071097,0.248666,0.000000,0.056781,0.996315,0.064289,0.000000,-0.252320,-0.047982,0.966454,0.000000,11.020165,0.000000,-0.000000,1.000000;;
         }
        }
       }
      }
     }
    }

    Frame Bone47 {
     

     FrameTransformMatrix {
      0.878542,0.474381,-0.055922,0.000000,-0.465957,0.876875,0.118211,0.000000,0.105114,-0.077796,0.991413,0.000000,1.283989,-4.614846,0.023870,1.000000;;
     }

     Frame Bone48 {
      

      FrameTransformMatrix {
       0.914031,-0.404670,-0.028095,0.000000,0.404528,0.914462,-0.010804,0.000000,0.030064,-0.001490,0.999547,0.000000,3.521618,0.000000,0.000000,1.000000;;
      }

      Frame Bone49 {
       

       FrameTransformMatrix {
        0.988011,-0.148568,0.041974,0.000000,0.147778,0.988790,0.021363,0.000000,-0.044678,-0.014904,0.998891,0.000000,5.686691,0.000000,-0.000000,1.000000;;
       }

       Frame Bone50 {
        

        FrameTransformMatrix {
         0.993868,0.032086,0.105818,0.000000,-0.029339,0.999194,-0.027413,0.000000,-0.106613,0.024140,0.994008,0.000000,13.901608,0.000001,-0.000000,1.000000;;
        }

        Frame Bone51 {
         

         FrameTransformMatrix {
          0.957557,0.174634,0.229319,0.000000,-0.198597,0.976321,0.085773,0.000000,-0.208911,-0.127675,0.969565,0.000000,10.860710,0.000000,0.000000,1.000000;;
         }
        }
       }
      }
     }
    }
   }
  }
 }
}

Frame BloodyQueen {
 

 FrameTransformMatrix {
  1.000000,0.000000,0.000000,0.000000,0.000000,1.000000,0.000000,0.000000,0.000000,0.000000,1.000000,0.000000,0.000000,0.000000,0.000000,1.000000;;
 }

 Mesh BloodyQueen {
  2059;
  -15.204942;20.133904;8.404257;,
  -14.553914;24.081710;7.282038;,
  -15.910808;20.713667;7.594596;,
  -15.154954;20.137875;8.404257;,
  -15.860821;20.717638;7.594596;,
  -14.503925;24.085680;7.282038;,
  -15.204942;20.133926;-8.404322;,
  -15.910808;20.713688;-7.594660;,
  -14.553912;24.081734;-7.282092;,
  -15.154954;20.137899;-8.404322;,
  -14.503925;24.085702;-7.282093;,
  -15.860819;20.717659;-7.594661;,
  -3.214541;4.662436;7.897826;,
  -3.330046;5.609875;7.742917;,
  -1.805475;4.351534;7.676139;,
  -3.214539;4.662461;-7.897933;,
  -1.805474;4.351558;-7.676246;,
  -3.330045;5.609900;-7.743020;,
  -2.990445;64.270848;0.917660;,
  -2.212700;64.354790;1.481222;,
  -2.048351;65.458003;1.756281;,
  -3.199914;65.470093;0.999400;,
  -3.535987;65.475405;0.000030;,
  -2.990445;64.270848;0.917660;,
  -3.355895;64.194605;0.000028;,
  -3.066506;62.825574;0.000027;,
  -1.644856;63.337190;1.590905;,
  -2.212700;64.354790;1.481222;,
  -2.695679;62.971142;0.978356;,
  -3.941845;62.472384;0.000027;,
  -1.609979;62.515322;2.072933;,
  -3.412454;62.229331;0.976131;,
  -4.602558;60.969965;0.000025;,
  -2.929083;62.080179;2.487590;,
  -1.756539;61.871878;3.528706;,
  -3.872572;60.795130;1.537850;,
  -3.050034;61.400851;3.654399;,
  -2.988900;60.844019;5.475382;,
  -1.687186;61.435066;5.591258;,
  -3.597596;59.845587;3.849922;,
  -3.367799;59.326227;5.326075;,
  -3.962064;58.492851;1.022681;,
  -4.673838;58.350080;0.000021;,
  -3.655089;58.086541;3.300346;,
  -2.183061;57.518726;5.129127;,
  -1.022638;55.221792;4.317741;,
  -3.046932;55.518106;0.957293;,
  -3.731106;55.356646;0.000017;,
  -3.065559;55.502989;1.805895;,
  -1.663639;52.423942;0.682370;,
  -2.256173;52.327171;0.000013;,
  -1.411763;50.781536;0.000011;,
  -2.887682;55.390074;3.274324;,
  -1.634362;52.450218;1.331692;,
  -0.903670;52.730874;2.777046;,
  0.350135;53.261632;3.830496;,
  -0.937224;50.788890;1.250065;,
  -2.326300;47.918326;0.000006;,
  -2.466138;47.980003;1.833044;,
  -0.374590;50.629482;2.771615;,
  0.870264;50.456048;3.391244;,
  -1.279666;47.999981;3.866262;,
  0.615006;48.059581;4.573162;,
  -2.048351;65.458003;-1.756221;,
  -2.212699;64.354797;-1.481165;,
  -2.990445;64.270848;-0.917604;,
  -3.199913;65.470093;-0.999341;,
  -3.535987;65.475405;0.000030;,
  -2.990445;64.270848;-0.917604;,
  -3.355895;64.194605;0.000028;,
  -3.066506;62.825574;0.000027;,
  -1.644855;63.337197;-1.590849;,
  -2.212699;64.354797;-1.481165;,
  -2.695678;62.971149;-0.978301;,
  -3.941845;62.472384;0.000027;,
  -1.609978;62.515328;-2.072879;,
  -3.412454;62.229331;-0.976078;,
  -4.602558;60.969965;0.000025;,
  -2.929083;62.080186;-2.487537;,
  -1.756539;61.871885;-3.528654;,
  -3.872572;60.795130;-1.537801;,
  -3.050033;61.400858;-3.654349;,
  -1.687186;61.435072;-5.591208;,
  -2.988899;60.844038;-5.475333;,
  -3.597596;59.845594;-3.849876;,
  -3.367798;59.326240;-5.326030;,
  -3.962064;58.492858;-1.022639;,
  -4.673838;58.350080;0.000021;,
  -3.655088;58.086554;-3.300305;,
  -2.183060;57.518739;-5.129088;,
  -1.022638;55.221805;-4.317708;,
  -3.046932;55.518112;-0.957259;,
  -3.731106;55.356646;0.000017;,
  -3.065560;55.502989;-1.805861;,
  -1.663639;52.423942;-0.682344;,
  -2.256173;52.327171;0.000013;,
  -1.411763;50.781536;0.000011;,
  -2.887682;55.390080;-3.274291;,
  -1.634362;52.450221;-1.331666;,
  -0.903669;52.730880;-2.777019;,
  0.350135;53.261642;-3.830468;,
  -0.937224;50.788896;-1.250044;,
  -2.326300;47.918326;0.000006;,
  -2.466138;47.980010;-1.833033;,
  -0.374590;50.629491;-2.771594;,
  0.870264;50.456054;-3.391223;,
  -1.279666;47.999994;-3.866251;,
  0.615007;48.059594;-4.573151;,
  -0.299990;40.831523;-0.000002;,
  2.630181;41.222941;-0.000001;,
  -0.301762;40.579251;0.732249;,
  2.508312;41.354019;0.807881;,
  3.750618;42.906646;0.000001;,
  3.519723;43.098118;1.612141;,
  4.015619;45.691683;0.000003;,
  3.955190;45.886806;1.623537;,
  3.405792;46.526915;3.104300;,
  4.290971;55.667296;0.000018;,
  4.496110;56.919514;0.453064;,
  4.252962;56.853958;0.442849;,
  4.132399;58.009370;1.097482;,
  4.383723;58.265350;1.080014;,
  3.544861;59.834938;1.701539;,
  2.674009;59.394554;1.739546;,
  2.450569;61.672026;2.328380;,
  1.229827;60.920992;2.965748;,
  0.527439;64.313690;3.144479;,
  -3.521362;79.706061;5.184895;,
  -6.020045;79.397370;4.319790;,
  -5.397172;82.374528;5.204371;,
  -3.776830;78.191584;5.067686;,
  -5.430060;77.960538;4.449830;,
  -4.036000;71.181338;2.548547;,
  -1.605760;71.955898;3.316476;,
  -2.284704;70.082240;2.206579;,
  -0.393869;70.684435;2.412180;,
  -4.005447;69.133414;1.328289;,
  -8.016796;80.922496;4.718246;,
  -7.311208;80.439117;5.433014;,
  -7.304422;83.248557;5.513472;,
  -8.062802;80.186470;4.658088;,
  -7.022068;79.699507;5.709251;,
  -8.447103;79.489670;4.237475;,
  -7.106260;78.766477;5.598764;,
  -7.927224;77.514534;4.726719;,
  -6.683320;77.947187;6.009701;,
  -9.355591;79.483840;3.293750;,
  -5.502032;76.952627;7.191322;,
  -6.389606;78.206221;6.324735;,
  -6.197824;78.590906;6.533618;,
  -6.349646;79.207181;6.398763;,
  -5.808206;78.779040;6.946628;,
  -5.260125;79.714381;7.556737;,
  -5.258802;78.286272;7.497492;,
  -4.991984;77.823347;7.753242;,
  -7.646086;70.455597;1.902829;,
  -4.986371;76.384230;7.516755;,
  -10.306878;78.065894;2.308393;,
  -10.486991;81.780282;2.130256;,
  -9.576310;80.921606;3.085195;,
  -9.747723;82.625235;2.919939;,
  -8.964978;82.297030;3.732144;,
  -8.938221;84.453958;3.787932;,
  -11.423133;78.265664;0.000047;,
  -11.290563;82.728902;0.000053;,
  -8.848855;70.660250;0.000037;,
  -10.606441;82.831008;1.860074;,
  -10.978455;84.598086;0.856582;,
  -11.059497;85.318080;0.503115;,
  -10.911988;85.781600;0.982282;,
  -11.163262;87.756301;0.000060;,
  -10.954008;86.314291;0.733839;,
  -4.905568;63.924461;0.000028;,
  -3.412454;62.229331;0.976131;,
  -3.941845;62.472384;0.000027;,
  -2.226228;64.106989;2.773878;,
  -2.929083;62.080179;2.487590;,
  -1.756539;61.871878;3.528706;,
  -0.082422;61.495642;3.403748;,
  0.527439;64.313690;3.144479;,
  1.229827;60.920992;2.965748;,
  -0.275538;65.039430;3.452557;,
  -0.381515;65.948486;4.032697;,
  0.254569;66.457075;4.408360;,
  -0.758015;67.377869;4.684480;,
  -4.202249;69.926656;5.537151;,
  -0.964784;69.109734;5.487087;,
  0.057042;69.373466;5.742270;,
  -1.015069;70.484909;5.986286;,
  -0.243028;72.373114;6.628165;,
  -4.088639;76.092685;7.494474;,
  0.956441;73.381453;7.039939;,
  0.125644;75.436518;7.609340;,
  -3.765680;76.497894;7.646251;,
  -3.277662;77.535078;7.789389;,
  -3.154078;76.945978;7.718090;,
  -1.926842;76.950816;7.768759;,
  -0.159771;76.232262;7.727940;,
  -0.130389;77.968064;8.009168;,
  -11.423133;78.265664;0.000047;,
  -10.306878;78.065901;-2.308300;,
  -10.486991;81.780288;-2.130152;,
  -11.290563;82.728902;0.000053;,
  -7.646086;70.455597;-1.902756;,
  -10.606439;82.831014;-1.859967;,
  -10.978455;84.598093;-0.856470;,
  -4.905568;63.924461;0.000028;,
  -11.059497;85.318080;-0.503002;,
  -10.911988;85.781600;-0.982167;,
  -11.163262;87.756301;0.000060;,
  -10.954008;86.314291;-0.733722;,
  -3.412454;62.229331;-0.976078;,
  -3.941845;62.472384;0.000027;,
  -2.226228;64.106989;-2.773822;,
  -2.929083;62.080186;-2.487538;,
  -1.756539;61.871891;-3.528654;,
  -0.082422;61.495654;-3.403697;,
  0.527440;64.313696;-3.144422;,
  1.229828;60.920998;-2.965698;,
  -0.275537;65.039437;-3.452499;,
  -0.381515;65.948499;-4.032636;,
  -0.758014;67.377882;-4.684415;,
  0.254570;66.457094;-4.408298;,
  -4.202248;69.926675;-5.537079;,
  -0.964783;69.109747;-5.487018;,
  0.057043;69.373485;-5.742199;,
  -1.015069;70.484922;-5.986212;,
  -0.243027;72.373139;-6.628086;,
  -4.088639;76.092704;-7.494384;,
  0.956442;73.381472;-7.039858;,
  0.125645;75.436531;-7.609253;,
  -4.986370;76.384250;-7.516666;,
  -3.765679;76.497920;-7.646161;,
  -5.502032;76.952653;-7.191230;,
  -3.277661;77.535104;-7.789296;,
  -3.154078;76.945997;-7.717998;,
  -1.926842;76.950835;-7.768667;,
  -0.159770;76.232275;-7.727850;,
  -0.130388;77.968083;-8.009072;,
  -4.991984;77.823373;-7.753148;,
  -5.258801;78.286291;-7.497397;,
  -5.260124;79.714394;-7.556638;,
  -5.808205;78.779059;-6.946531;,
  -6.197824;78.590925;-6.533522;,
  -6.389606;78.206240;-6.324640;,
  -6.349645;79.207206;-6.398665;,
  -6.683320;77.947206;-6.009607;,
  -7.927223;77.514547;-4.726627;,
  -7.106260;78.766496;-5.598668;,
  -8.447103;79.489677;-4.237377;,
  -7.022067;79.699526;-5.709153;,
  -9.355591;79.483846;-3.293653;,
  -8.062802;80.186483;-4.657988;,
  -9.576310;80.921613;-3.085093;,
  -7.311207;80.439130;-5.432914;,
  -9.747723;82.625242;-2.919832;,
  -8.016795;80.922502;-4.718145;,
  -7.304422;83.248576;-5.513364;,
  -8.964978;82.297043;-3.732039;,
  -8.938221;84.453965;-3.787821;,
  -12.966956;6.774824;12.856376;,
  -11.153696;9.861829;12.668306;,
  -11.560922;8.009893;13.015484;,
  -9.949851;8.887168;13.342254;,
  -9.567504;11.834960;12.697627;,
  -8.313194;7.953456;14.164320;,
  -5.508134;16.070200;12.963623;,
  -8.222129;15.514736;12.187806;,
  -9.512474;16.204834;11.573291;,
  -6.565038;10.069394;13.679821;,
  -8.526819;19.909702;11.093286;,
  -1.726522;14.834858;12.422798;,
  -5.564473;9.201481;13.562571;,
  -1.914386;8.031297;12.987986;,
  -4.512265;7.528435;13.506658;,
  -3.315031;6.261471;13.377756;,
  0.444864;16.065067;11.960168;,
  -3.248745;26.288142;11.392858;,
  -7.971952;24.039344;10.373461;,
  1.509461;26.251170;10.546780;,
  -8.855015;24.184346;10.055561;,
  -7.864626;26.616549;9.860379;,
  -1.923489;33.406282;10.241566;,
  -6.329231;33.838090;8.738026;,
  2.212806;33.383722;9.545090;,
  -5.533625;35.693965;8.391562;,
  -0.812337;39.747267;8.675355;,
  2.486339;39.606362;7.936286;,
  -5.136972;40.161750;6.994253;,
  -6.670059;35.227702;8.168839;,
  0.029740;44.917354;6.423857;,
  2.433472;44.573629;5.910122;,
  -12.966952;6.774850;-12.887238;,
  -11.153693;9.861855;-12.699160;,
  -11.560921;8.009918;-13.046343;,
  -9.949849;8.887195;-13.373112;,
  -9.567501;11.834988;-12.728475;,
  -8.313194;7.953486;-14.195182;,
  -5.508132;16.070229;-12.994462;,
  -8.222126;15.514763;-12.218644;,
  -9.512470;16.204859;-11.604126;,
  -6.565037;10.069424;-13.710678;,
  -8.526815;19.909726;-11.124110;,
  -1.726520;14.834886;-12.453644;,
  -5.564472;9.201511;-13.593432;,
  -1.914385;8.031326;-13.018852;,
  -4.512264;7.528464;-13.537525;,
  -3.315029;6.261498;-13.408627;,
  0.444865;16.065094;-11.991013;,
  -3.248742;26.288171;-11.423667;,
  -7.971946;24.039371;-10.404274;,
  1.509464;26.251200;-10.577594;,
  -8.855010;24.184368;-10.086374;,
  -7.864621;26.616573;-9.891184;,
  -1.923486;33.406310;-10.272356;,
  -6.329226;33.838109;-8.768813;,
  2.212808;33.383747;-9.575883;,
  -5.533620;35.693994;-8.422343;,
  -0.812335;39.747296;-8.706128;,
  2.486341;39.606384;-7.967060;,
  -6.670054;35.227725;-8.199622;,
  -5.136969;40.161770;-7.025026;,
  0.029741;44.917370;-6.454618;,
  2.433473;44.573642;-5.940883;,
  0.615007;48.059594;-4.573151;,
  2.390697;47.518067;-3.923683;,
  -1.279666;47.999994;-3.866251;,
  -3.197691;45.176301;-5.190686;,
  -2.466138;47.980010;-1.833033;,
  -2.326300;47.918326;0.000006;,
  -4.962530;45.187085;0.000002;,
  -5.062296;45.248749;-2.485102;,
  -8.950856;40.573187;-0.000004;,
  -8.387982;40.632867;-3.419593;,
  -6.357292;38.943229;-6.687523;,
  -13.115745;34.220205;-0.000013;,
  -12.099537;34.230506;-4.231152;,
  -8.122930;36.067920;-7.008943;,
  -9.819730;34.093363;-6.731524;,
  -16.656150;27.219210;-0.000023;,
  -9.759006;33.373738;-7.196438;,
  -11.114598;29.084368;-8.141328;,
  -11.241534;31.048157;-6.957374;,
  -15.855098;26.511446;-4.985939;,
  -12.657681;26.798851;-7.875830;,
  -21.409717;17.105083;-0.000038;,
  -14.553912;24.081734;-7.282092;,
  -21.282438;15.933822;-3.105882;,
  -24.836126;9.878538;-0.000048;,
  -19.070816;17.886856;-6.123468;,
  -16.760712;20.790147;-6.855726;,
  -15.910808;20.713688;-7.594660;,
  -7.996078;80.922502;-4.718146;,
  -7.290489;80.439130;-5.432914;,
  -7.283703;83.248582;-5.513364;,
  -8.042082;80.186502;-4.657988;,
  -7.001350;79.699533;-5.709153;,
  -8.426387;79.489683;-4.237378;,
  -7.085542;78.766496;-5.598669;,
  -7.906506;77.514560;-4.726627;,
  -6.662602;77.947206;-6.009607;,
  -9.334873;79.483846;-3.293653;,
  -5.481314;76.952653;-7.191230;,
  -6.368888;78.206253;-6.324640;,
  -6.177106;78.590938;-6.533523;,
  -6.328928;79.207206;-6.398666;,
  -5.787487;78.779066;-6.946532;,
  -5.239406;79.714400;-7.556638;,
  -5.238082;78.286298;-7.497397;,
  -4.971265;77.823373;-7.753148;,
  -7.625369;70.455603;-1.902756;,
  -4.965652;76.384262;-7.516666;,
  -10.286161;78.065907;-2.308300;,
  -10.466274;81.780294;-2.130152;,
  -9.555591;80.921626;-3.085094;,
  -9.727006;82.625254;-2.919832;,
  -8.944260;82.297050;-3.732040;,
  -8.917503;84.453965;-3.787821;,
  -11.402415;78.265677;0.000047;,
  -11.290563;82.728902;0.000053;,
  -8.848855;70.660250;0.000037;,
  -10.585721;82.831014;-1.859967;,
  -10.957738;84.598093;-0.856470;,
  -11.038780;85.318093;-0.503002;,
  -10.891270;85.781619;-0.982167;,
  -11.142546;87.756320;0.000060;,
  -10.933290;86.314291;-0.733722;,
  -4.886150;63.929478;0.000028;,
  -3.391736;62.229331;-0.976078;,
  -3.941845;62.472384;0.000027;,
  -2.206808;64.112013;-2.773823;,
  -2.908365;62.080186;-2.487538;,
  -1.735820;61.871891;-3.528654;,
  -0.061703;61.495654;-3.403697;,
  0.546860;64.318720;-3.144422;,
  1.250547;60.920998;-2.965698;,
  -0.256117;65.044454;-3.452499;,
  -0.360796;65.948499;-4.032636;,
  0.275289;66.457101;-4.408298;,
  -0.737296;67.377894;-4.684416;,
  -4.181530;69.926688;-5.537079;,
  -0.944065;69.109754;-5.487018;,
  0.077762;69.373491;-5.742199;,
  -0.994350;70.484941;-5.986213;,
  -0.222309;72.373139;-6.628087;,
  -4.067920;76.092710;-7.494386;,
  0.977160;73.381478;-7.039858;,
  0.146364;75.436538;-7.609254;,
  -3.744960;76.497920;-7.646162;,
  -3.256943;77.535110;-7.789298;,
  -3.133359;76.945997;-7.717998;,
  -1.906123;76.950835;-7.768667;,
  -0.139052;76.232282;-7.727851;,
  -0.109670;77.968096;-8.009072;,
  -11.402415;78.265677;0.000047;,
  -10.286161;78.065901;2.308394;,
  -10.466274;81.780288;2.130256;,
  -11.290563;82.728902;0.000053;,
  -7.625369;70.455597;1.902829;,
  -10.585721;82.831008;1.860074;,
  -10.957738;84.598086;0.856582;,
  -4.886150;63.929478;0.000028;,
  -11.038780;85.318093;0.503115;,
  -10.891270;85.781619;0.982282;,
  -11.142546;87.756320;0.000060;,
  -10.933290;86.314291;0.733838;,
  -3.391736;62.229331;0.976131;,
  -3.941845;62.472384;0.000027;,
  -2.206809;64.112006;2.773879;,
  -2.908365;62.080179;2.487590;,
  -1.735821;61.871878;3.528706;,
  -0.061704;61.495642;3.403748;,
  0.546859;64.318707;3.144479;,
  1.250546;60.920992;2.965748;,
  -0.256118;65.044448;3.452557;,
  -0.360796;65.948493;4.032697;,
  -0.737296;67.377875;4.684481;,
  0.275289;66.457094;4.408360;,
  -4.181531;69.926675;5.537151;,
  -0.944065;69.109741;5.487087;,
  0.077762;69.373472;5.742270;,
  -0.994351;70.484915;5.986287;,
  -0.222309;72.373114;6.628166;,
  -4.067921;76.092691;7.494475;,
  0.977160;73.381453;7.039939;,
  0.146363;75.436518;7.609342;,
  -4.965653;76.384237;7.516755;,
  -3.744961;76.497894;7.646252;,
  -5.481314;76.952627;7.191322;,
  -3.256944;77.535085;7.789390;,
  -3.133360;76.945978;7.718090;,
  -1.906124;76.950816;7.768759;,
  -0.139052;76.232262;7.727941;,
  -0.109670;77.968070;8.009168;,
  -4.971266;77.823347;7.753242;,
  -5.238083;78.286278;7.497492;,
  -5.239406;79.714381;7.556737;,
  -5.787488;78.779046;6.946629;,
  -6.177106;78.590918;6.533618;,
  -6.368888;78.206240;6.324735;,
  -6.328928;79.207181;6.398763;,
  -6.662602;77.947187;6.009701;,
  -7.906506;77.514541;4.726719;,
  -7.085542;78.766477;5.598764;,
  -8.426387;79.489677;4.237475;,
  -7.001350;79.699514;5.709251;,
  -9.334873;79.483840;3.293750;,
  -8.042082;80.186483;4.658088;,
  -9.555591;80.921613;3.085195;,
  -7.290490;80.439117;5.433014;,
  -9.727006;82.625242;2.919939;,
  -7.996078;80.922496;4.718248;,
  -7.283703;83.248563;5.513472;,
  -8.944260;82.297043;3.732145;,
  -8.917503;84.453958;3.787932;,
  0.029741;44.917373;-6.423850;,
  2.486341;39.606384;-7.936292;,
  2.433473;44.573642;-5.910115;,
  -0.812335;39.747296;-8.675360;,
  2.212809;33.383750;-9.545115;,
  -1.923486;33.406310;-10.241589;,
  1.509463;26.251200;-10.546826;,
  -5.533620;35.693994;-8.391576;,
  -5.136969;40.161773;-6.994259;,
  -6.670054;35.227725;-8.168853;,
  -6.329227;33.838112;-8.738045;,
  -7.864621;26.616573;-9.860417;,
  -3.248742;26.288174;-11.392898;,
  0.444866;16.065094;-11.960245;,
  -7.971948;24.039371;-10.373506;,
  -8.855010;24.184370;-10.055605;,
  -8.526815;19.909726;-11.093342;,
  -5.508132;16.070230;-12.963694;,
  -9.512471;16.204859;-11.573358;,
  -8.222126;15.514763;-12.187877;,
  -1.726520;14.834886;-12.422876;,
  -9.567501;11.834988;-12.697707;,
  -6.565037;10.069424;-13.679910;,
  -5.564472;9.201510;-13.562664;,
  -8.313194;7.953486;-14.164414;,
  -1.914385;8.031326;-12.988085;,
  -9.949850;8.887194;-13.342344;,
  -4.512264;7.528464;-13.506757;,
  -3.315030;6.261500;-13.377860;,
  -11.153695;9.861854;-12.668392;,
  -11.560920;8.009918;-13.015575;,
  -12.966954;6.774849;-12.856470;,
  -2.853693;-0.000648;9.010805;,
  -2.559006;-0.000340;8.442329;,
  -2.559003;-0.000301;9.529384;,
  -1.989994;0.000332;9.551462;,
  -1.989996;0.000291;8.420750;,
  -2.004983;3.145601;9.630857;,
  -2.004965;3.130313;8.310838;,
  -1.805501;4.373408;10.243840;,
  -1.805475;4.351534;7.676139;,
  -0.709954;2.671471;10.313491;,
  -0.715024;2.642535;7.999739;,
  0.327693;0.002952;10.781048;,
  0.327438;0.002835;7.530244;,
  3.198551;0.006115;10.015156;,
  3.193489;0.006033;7.903847;,
  4.568595;0.007599;8.932077;,
  -2.559006;-0.000340;8.442329;,
  -2.899808;3.216257;8.333593;,
  -1.989996;0.000291;8.420750;,
  -2.004965;3.130313;8.310838;,
  -3.214541;4.662436;7.897826;,
  -1.805475;4.351534;7.676139;,
  -3.330046;5.609875;7.742917;,
  -1.576898;5.252342;7.414827;,
  -2.931346;7.988217;7.928599;,
  -1.381979;7.842946;7.316717;,
  -2.931346;7.988217;7.928599;,
  -2.040143;11.210858;7.229025;,
  -0.763672;11.086289;7.437860;,
  -0.404037;7.995779;7.685676;,
  -0.404037;7.995779;7.685676;,
  0.853370;5.155051;7.737684;,
  -0.179702;3.491810;7.543545;,
  1.826958;2.400715;7.505458;,
  -0.715024;2.642535;7.999739;,
  0.327438;0.002835;7.530244;,
  3.141602;1.415764;8.052326;,
  3.193489;0.006033;7.903847;,
  1.381186;41.720035;18.754923;,
  0.224841;45.351331;18.273595;,
  2.240209;43.537034;19.937438;,
  -1.173917;43.151843;18.051978;,
  -1.242384;44.848406;17.884830;,
  3.193489;0.006059;-7.903966;,
  3.198552;0.006146;-10.015274;,
  4.568595;0.007628;-8.932194;,
  0.327439;0.002860;-7.530363;,
  0.327694;0.002986;-10.781166;,
  -0.715023;2.642561;-7.999850;,
  -0.709953;2.671503;-10.313602;,
  -1.805474;4.351558;-7.676246;,
  -1.805500;4.373439;-10.243947;,
  -2.004964;3.130339;-8.310947;,
  -2.004982;3.145631;-9.630966;,
  -1.989995;0.000318;-8.420868;,
  -1.989993;0.000362;-9.551581;,
  -2.559005;-0.000313;-8.442448;,
  -2.559002;-0.000271;-9.529502;,
  -2.853691;-0.000619;-9.010924;,
  6.245133;82.561082;0.000054;,
  5.238414;85.439366;0.000058;,
  4.769042;82.530790;1.516603;,
  5.105074;80.872256;0.920080;,
  6.355551;80.735853;0.000051;,
  4.586826;77.944262;1.163199;,
  6.132954;77.543731;0.000047;,
  3.104672;74.905939;1.546829;,
  4.771696;73.143686;0.000041;,
  1.940455;70.675098;1.301634;,
  2.186466;69.387872;0.000035;,
  1.695353;69.324685;1.158162;,
  0.904610;71.741446;1.933459;,
  0.730836;70.203283;2.036556;,
  -0.393869;70.684435;2.412180;,
  4.769042;82.530790;1.516603;,
  5.238414;85.439366;0.000058;,
  5.275604;82.467866;0.000054;,
  5.449265;80.745760;0.000051;,
  5.105074;80.872256;0.920080;,
  4.586826;77.944262;1.163199;,
  5.001822;77.903392;0.000047;,
  3.104672;74.905939;1.546829;,
  3.408607;74.402944;0.000042;,
  0.904610;71.741446;1.933459;,
  1.186615;70.788704;0.000037;,
  0.125914;70.679366;1.386146;,
  0.264349;70.886118;0.000037;,
  -0.393869;70.684435;2.412180;,
  -12.966954;6.774824;12.887143;,
  -11.560922;8.009893;13.046251;,
  -11.153696;9.861829;12.699074;,
  -9.949851;8.887168;13.373022;,
  -9.567503;11.834960;12.728394;,
  -8.313194;7.953455;14.195088;,
  -5.508134;16.070198;12.994391;,
  -8.222129;15.514736;12.218574;,
  -9.512474;16.204834;11.604058;,
  -6.565038;10.069394;13.710589;,
  -8.526819;19.909701;11.124054;,
  -1.726522;14.834858;12.453566;,
  -5.564472;9.201482;13.593339;,
  -1.914386;8.031297;13.018753;,
  -4.512265;7.528435;13.537426;,
  -3.315030;6.261470;13.408523;,
  0.444864;16.065067;11.990935;,
  -3.248744;26.288139;11.423625;,
  -7.971951;24.039344;10.404229;,
  1.509461;26.251170;10.577548;,
  -7.864625;26.616549;9.891146;,
  -8.855015;24.184344;10.086330;,
  -1.923489;33.406282;10.272335;,
  -6.329230;33.838086;8.768795;,
  2.212806;33.383715;9.575859;,
  -5.533624;35.693965;8.422330;,
  -0.812337;39.747267;8.706123;,
  2.486338;39.606362;7.967054;,
  -5.136971;40.161747;7.025021;,
  -6.670059;35.227702;8.199608;,
  0.029740;44.917354;6.454626;,
  2.433472;44.573629;5.940890;,
  0.615006;48.059581;4.573162;,
  2.390696;47.518054;3.923694;,
  -1.279666;47.999981;3.866262;,
  -3.197691;45.176282;5.190692;,
  -2.466138;47.980003;1.833044;,
  -2.326300;47.918326;0.000006;,
  -4.962530;45.187085;0.000002;,
  -5.062296;45.248736;2.485108;,
  -8.950856;40.573187;-0.000004;,
  -8.387983;40.632854;3.419585;,
  -6.357294;38.943206;6.687513;,
  -13.115745;34.220205;-0.000013;,
  -12.099538;34.230493;4.231125;,
  -8.122930;36.067898;7.008923;,
  -9.819730;34.093341;6.731498;,
  -16.656150;27.219210;-0.000023;,
  -9.759006;33.373715;7.196410;,
  -11.241534;31.048134;6.957339;,
  -11.114598;29.084342;8.141288;,
  -15.855098;26.511430;4.985890;,
  -12.657682;26.798829;7.875784;,
