xof 0303txt 0032
template ColorRGBA {
 <35ff44e0-6c7c-11cf-8f52-0040333594a3>
 FLOAT red;
 FLOAT green;
 FLOAT blue;
 FLOAT alpha;
}

template ColorRGB {
 <d3e16e81-7835-11cf-8f52-0040333594a3>
 FLOAT red;
 FLOAT green;
 FLOAT blue;
}

template Material {
 <3d82ab4d-62da-11cf-ab39-0020af71e433>
 ColorRGBA faceColor;
 FLOAT power;
 ColorRGB specularColor;
 ColorRGB emissiveColor;
 [...]
}

template TextureFilename {
 <a42790e1-7810-11cf-8f52-0040333594a3>
 STRING filename;
}

template Frame {
 <3d82ab46-62da-11cf-ab39-0020af71e433>
 [...]
}

template Matrix4x4 {
 <f6f23f45-7686-11cf-8f52-0040333594a3>
 array FLOAT matrix[16];
}

template FrameTransformMatrix {
 <f6f23f41-7686-11cf-8f52-0040333594a3>
 Matrix4x4 frameMatrix;
}

template Vector {
 <3d82ab5e-62da-11cf-ab39-0020af71e433>
 FLOAT x;
 FLOAT y;
 FLOAT z;
}

template MeshFace {
 <3d82ab5f-62da-11cf-ab39-0020af71e433>
 DWORD nFaceVertexIndices;
 array DWORD faceVertexIndices[nFaceVertexIndices];
}

template Mesh {
 <3d82ab44-62da-11cf-ab39-0020af71e433>
 DWORD nVertices;
 array Vector vertices[nVertices];
 DWORD nFaces;
 array MeshFace faces[nFaces];
 [...]
}

template MeshNormals {
 <f6f23f43-7686-11cf-8f52-0040333594a3>
 DWORD nNormals;
 array Vector normals[nNormals];
 DWORD nFaceNormals;
 array MeshFace faceNormals[nFaceNormals];
}

template MeshMaterialList {
 <f6f23f42-7686-11cf-8f52-0040333594a3>
 DWORD nMaterials;
 DWORD nFaceIndexes;
 array DWORD faceIndexes[nFaceIndexes];
 [Material <3d82ab4d-62da-11cf-ab39-0020af71e433>]
}

template Coords2d {
 <f6f23f44-7686-11cf-8f52-0040333594a3>
 FLOAT u;
 FLOAT v;
}

template MeshTextureCoords {
 <f6f23f40-7686-11cf-8f52-0040333594a3>
 DWORD nTextureCoords;
 array Coords2d textureCoords[nTextureCoords];
}

template XSkinMeshHeader {
 <3cf169ce-ff7c-44ab-93c0-f78f62d172e2>
 WORD nMaxSkinWeightsPerVertex;
 WORD nMaxSkinWeightsPerFace;
 WORD nBones;
}

template SkinWeights {
 <6f0d123b-bad2-4167-a0d0-80224f25fabb>
 STRING transformNodeName;
 DWORD nWeights;
 array DWORD vertexIndices[nWeights];
 array FLOAT weights[nWeights];
 Matrix4x4 matrixOffset;
}

template AnimTicksPerSecond {
 <9e415a43-7ba6-4a73-8743-b73d47e88476>
 DWORD AnimTicksPerSecond;
}

template Animation {
 <3d82ab4f-62da-11cf-ab39-0020af71e433>
 [...]
}

template AnimationSet {
 <3d82ab50-62da-11cf-ab39-0020af71e433>
 [Animation <3d82ab4f-62da-11cf-ab39-0020af71e433>]
}

template FloatKeys {
 <10dd46a9-775b-11cf-8f52-0040333594a3>
 DWORD nValues;
 array FLOAT values[nValues];
}

template TimedFloatKeys {
 <f406b180-7b3b-11cf-8f52-0040333594a3>
 DWORD time;
 FloatKeys tfkeys;
}

template AnimationKey {
 <10dd46a8-775b-11cf-8f52-0040333594a3>
 DWORD keyType;
 DWORD nKeys;
 array TimedFloatKeys keys[nKeys];
}


Material m_fepee01 {
 1.000000;1.000000;1.000000;1.000000;;
 10.000000;
 0.000000;0.000000;0.000000;;
 0.000000;0.000000;0.000000;;

 TextureFilename {
  "t_fepee01_df.tga";
 }
}

Frame bip001 {
 

 FrameTransformMatrix {
  -0.642785,-0.000000,-0.766047,0.000000,-0.000000,1.000000,-0.000000,0.000000,0.766047,-0.000000,-0.642785,0.000000,-0.474636,15.871573,0.105563,1.000000;;
 }

 Frame bip001-pelvis {
  

  FrameTransformMatrix {
   -0.000001,1.000000,0.000001,0.000000,-0.000001,-0.000001,1.000000,0.000000,1.000000,0.000001,0.000001,0.000000,0.000000,0.000000,0.000000,1.000000;;
  }

  Frame bip001-spine {
   

   FrameTransformMatrix {
    0.999237,0.000001,-0.039059,0.000000,-0.000000,1.000000,0.000004,0.000000,0.039059,-0.000004,0.999237,0.000000,8.230798,0.000004,-0.009938,1.000000;;
   }

   Frame bip001-spine1 {
    

    FrameTransformMatrix {
     0.960184,0.000001,0.279368,0.000000,-0.000001,1.000000,-0.000000,0.000000,-0.279368,-0.000000,0.960184,0.000000,12.517201,-0.000004,-0.012107,1.000000;;
    }

    Frame bip001-neck {
     

     FrameTransformMatrix {
      0.982032,0.000001,0.188715,0.000000,-0.000001,1.000000,-0.000000,0.000000,-0.188715,0.000000,0.982032,0.000000,15.998512,-0.000004,-0.033329,1.000000;;
     }

     Frame bip001-head {
      

      FrameTransformMatrix {
       0.661968,-0.290138,-0.691100,0.000000,-0.276236,0.762702,-0.584790,0.000000,0.696773,0.578019,0.424737,0.000000,2.785431,-0.000004,0.000002,1.000000;;
      }

      Frame bip001-headnub {
       

       FrameTransformMatrix {
        1.000000,0.000000,0.000000,0.000000,0.000000,1.000000,0.000000,0.000000,-0.000000,-0.000000,1.000000,0.000000,28.276499,0.000058,0.000059,1.000000;;
       }
      }

      Frame bip01-l_ear {
       

       FrameTransformMatrix {
        0.011072,0.997199,-0.073971,0.000000,-0.999938,0.011102,0.000002,0.000000,0.000824,0.073966,0.997260,0.000000,25.682758,9.285077,0.584003,1.000000;;
       }
      }

      Frame bip01-r_ear {
       

       FrameTransformMatrix {
        0.011071,-0.997199,-0.073964,0.000000,0.999938,0.011101,0.000004,0.000000,0.000817,-0.073960,0.997261,0.000000,25.682742,-9.285083,0.584059,1.000000;;
       }
      }

      Frame bip01-head-f-leaf {
       

       FrameTransformMatrix {
        -0.706541,-0.237029,0.666796,0.000000,-0.225135,0.968572,0.105747,0.000000,-0.670905,-0.075404,-0.737699,0.000000,24.341602,0.122423,12.993738,1.000000;;
       }
      }

      Frame bip01-head-b-leaf01 {
       

       FrameTransformMatrix {
        -0.377704,0.115844,-0.918651,0.000000,-0.230109,0.949273,0.214315,0.000000,0.896878,0.292338,-0.331887,0.000000,6.866665,1.941078,-12.935028,1.000000;;
       }
      }

      Frame bip01-head-f-leaf03 {
       

       FrameTransformMatrix {
        -0.999455,0.000000,0.033018,0.000000,-0.000000,1.000000,-0.000006,0.000000,-0.033018,-0.000006,-0.999455,0.000000,-1.172382,0.000023,16.605696,1.000000;;
       }
      }
     }

     Frame bip001-l-clavicle {
      

      FrameTransformMatrix {
       -0.213723,0.976410,0.030749,0.000000,0.958341,0.215665,-0.187275,0.000000,-0.189489,-0.010556,-0.981827,0.000000,-5.480942,4.850558,0.239357,1.000000;;
      }

      Frame bip001-l-upperarm {
       

       FrameTransformMatrix {
        0.722637,-0.681021,0.118347,0.000000,0.604118,0.705448,0.370655,0.000000,-0.335911,-0.196353,0.921200,0.000000,8.076884,0.000011,0.000007,1.000000;;
       }

       Frame bip001-l-forearm {
        

        FrameTransformMatrix {
         -0.006913,0.000000,-0.999976,0.000000,0.000000,1.000000,-0.000000,0.000000,0.999976,-0.000000,-0.006913,0.000000,12.260107,0.000011,0.000005,1.000000;;
        }

        Frame bip001-l-hand {
         

         FrameTransformMatrix {
          0.832907,0.449221,-0.323213,0.000000,0.174410,0.341201,0.923669,0.000000,0.525212,-0.825702,0.205840,0.000000,4.787746,0.000000,0.000003,1.000000;;
         }

         Frame bip001-l-finger0 {
          

          FrameTransformMatrix {
           0.667850,-0.341204,0.661480,0.000000,0.726352,0.104805,-0.679286,0.000000,0.162448,0.934128,0.317828,0.000000,5.200068,-7.040541,3.098223,1.000000;;
          }

          Frame bip001-l-finger0nub {
           

           FrameTransformMatrix {
            1.000000,0.000000,-0.000000,0.000000,-0.000000,1.000000,0.000002,0.000000,-0.000000,-0.000002,1.000000,0.000000,4.692412,0.000011,0.000015,1.000000;;
           }
          }
         }

         Frame bip001-l-finger1 {
          

          FrameTransformMatrix {
           0.962240,0.006377,0.272128,0.000000,-0.005823,0.999979,-0.002843,0.000000,-0.272140,0.001151,0.962257,0.000000,12.396208,0.568254,0.632149,1.000000;;
          }

          Frame bip001-l-finger1nub {
           

           FrameTransformMatrix {
            1.000000,0.000000,0.000000,0.000000,-0.000000,1.000000,0.000002,0.000000,0.000000,-0.000002,1.000000,0.000000,6.580814,0.000006,0.000008,1.000000;;
           }
          }
         }
        }
       }
      }
     }

     Frame bip001-r-clavicle {
      

      FrameTransformMatrix {
       -0.260089,-0.942585,-0.209495,0.000000,-0.948100,0.208195,0.240335,0.000000,-0.182920,0.261131,-0.947814,0.000000,-5.480946,-4.850562,0.239382,1.000000;;
      }

      Frame bip001-r-upperarm {
       

       FrameTransformMatrix {
        0.659648,0.506276,-0.555473,0.000000,-0.391688,0.862351,0.320829,0.000000,0.641440,0.005938,0.767150,0.000000,8.076882,0.000015,-0.000055,1.000000;;
       }

       Frame bip001-r-forearm {
        

        FrameTransformMatrix {
         0.539190,-0.000008,-0.842184,0.000000,0.000007,1.000000,-0.000005,0.000000,0.842184,-0.000004,0.539190,0.000000,12.260099,-0.000027,-0.000109,1.000000;;
        }

        Frame bip001-r-hand {
         

         FrameTransformMatrix {
          0.943178,0.158072,0.292283,0.000000,0.313322,-0.130139,-0.940688,0.000000,-0.110659,0.978814,-0.172272,0.000000,4.787748,0.000034,0.000010,1.000000;;
         }

         Frame bip001-r-finger0 {
          

          FrameTransformMatrix {
           0.735761,-0.462270,0.494936,0.000000,-0.642495,-0.245373,0.725942,0.000000,-0.214138,-0.852114,-0.477542,0.000000,5.200022,7.040563,3.098259,1.000000;;
          }

          Frame bip001-r-finger0nub {
           

           FrameTransformMatrix {
            -1.000000,0.000001,-0.000001,0.000000,0.000001,1.000000,0.000001,0.000000,0.000001,0.000001,-1.000000,0.000000,4.692337,0.000010,-0.000031,1.000000;;
           }
          }
         }

         Frame bip001-r-finger1 {
          

          FrameTransformMatrix {
           -0.268958,-0.058242,0.961389,0.000000,-0.069709,0.996730,0.040881,0.000000,-0.960626,-0.056023,-0.272139,0.000000,12.396210,-0.568203,0.632248,1.000000;;
          }

          Frame bip001-r-finger1nub {
           

           FrameTransformMatrix {
            -1.000000,0.000001,0.000001,0.000000,0.000002,1.000000,0.000000,0.000000,-0.000001,0.000001,-1.000000,0.000000,6.580711,0.000021,-0.000010,1.000000;;
           }
          }
         }

         Frame weapon {
          

          FrameTransformMatrix {
           -0.536004,-0.101393,0.838105,0.000000,-0.058531,-0.985909,-0.156707,0.000000,0.842184,-0.133051,0.522517,0.000000,10.072497,16.617718,4.670124,1.000000;;
          }
         }
        }
       }
      }
     }
    }
   }

   Frame bip01-pelvis-r-leaf {
    

    FrameTransformMatrix {
     -0.947281,-0.297615,-0.118677,0.000000,-0.007680,-0.349200,0.937017,0.000000,-0.320312,0.888529,0.328505,0.000000,-0.539269,-15.993603,-5.806580,1.000000;;
    }
   }

   Frame bip01-pelvis-l-leaf {
    

    FrameTransformMatrix {
     -0.957092,0.268886,-0.108051,0.000000,0.007677,-0.349211,-0.937013,0.000000,-0.289682,-0.897637,0.332163,0.000000,-0.539255,15.993565,-5.806660,1.000000;;
    }
   }
  }

  Frame bip001-l-thigh {
   

   FrameTransformMatrix {
    -0.719006,0.602078,0.347179,0.000000,-0.483943,-0.792249,0.371674,0.000000,0.498828,0.099221,0.861003,0.000000,-0.000004,10.700173,0.000013,1.000000;;
   }

   Frame bip001-l-calf {
    

    FrameTransformMatrix {
     0.571431,0.000000,-0.820650,0.000000,-0.000000,1.000000,-0.000000,0.000000,0.820650,0.000000,0.571431,0.000000,8.154550,-0.000003,0.000000,1.000000;;
    }

    Frame bip001-l-foot {
     

     FrameTransformMatrix {
      0.816547,0.487864,0.308607,0.000000,-0.491255,0.868004,-0.072373,0.000000,-0.303180,-0.092509,0.948432,0.000000,6.576123,-0.000001,0.000001,1.000000;;
     }

     Frame bip001-l-toe0 {
      

      FrameTransformMatrix {
       -0.000003,0.000008,1.000000,0.000000,-0.000002,1.000000,-0.000008,0.000000,-1.000000,-0.000002,-0.000003,0.000000,4.886156,0.000031,5.197104,1.000000;;
      }

      Frame bip001-l-toe0nub {
       

       FrameTransformMatrix {
        -1.000000,-0.000000,0.000001,0.000000,0.000000,1.000000,0.000001,0.000000,-0.000001,0.000001,-1.000000,0.000000,4.058848,0.000030,-0.000030,1.000000;;
       }
      }
     }
    }
   }
  }

  Frame bip001-r-thigh {
   

   FrameTransformMatrix {
    -0.768290,-0.515193,0.379877,0.000000,0.492086,-0.854917,-0.164220,0.000000,0.409368,0.060763,0.910344,0.000000,0.000004,-10.700170,-0.000013,1.000000;;
   }

   Frame bip001-r-calf {
    

    FrameTransformMatrix {
     0.539370,0.000000,-0.842069,0.000000,-0.000000,1.000000,0.000000,0.000000,0.842069,-0.000000,0.539369,0.000000,8.154546,0.000000,0.000003,1.000000;;
    }

    Frame bip001-r-foot {
     

     FrameTransformMatrix {
      0.755387,-0.497362,0.426639,0.000000,0.404642,0.866163,0.293304,0.000000,-0.515417,-0.048922,0.855542,0.000000,6.576123,0.000000,0.000001,1.000000;;
     }

     Frame bip001-r-toe0 {
      

      FrameTransformMatrix {
       -0.000002,0.000006,1.000000,0.000000,0.000000,1.000000,-0.000006,0.000000,-1.000000,0.000000,-0.000002,0.000000,4.886151,0.000019,5.197098,1.000000;;
      }

      Frame bip001-r-toe0nub {
       

       FrameTransformMatrix {
        1.000000,0.000000,-0.000000,0.000000,0.000000,1.000000,0.000002,0.000000,0.000000,-0.000002,1.000000,0.000000,4.058844,0.000025,-0.000000,1.000000;;
       }
      }
     }
    }
   }
  }

  Frame bip01-tail {
   

   FrameTransformMatrix {
    -0.687796,0.000001,-0.725904,0.000000,0.000001,1.000000,-0.000000,0.000000,0.725904,-0.000001,-0.687796,0.000000,5.976982,0.000002,-13.999496,1.000000;;
   }
  }
 }
}

Frame fepee01 {
 

 FrameTransformMatrix {
  1.000000,0.000000,0.000000,0.000000,0.000000,1.000000,0.000000,0.000000,0.000000,0.000000,1.000000,0.000000,0.000000,0.000000,0.000000,1.000000;;
 }

 Mesh fepee01 {
  817;
  8.082431;-0.275161;-15.228958;,
  9.755068;-0.267493;-9.257204;,
  5.543541;-0.280432;-8.728962;,
  9.755068;-0.267493;-9.257204;,
  7.040693;-0.348050;0.592235;,
  14.212371;-0.253021;-8.245368;,
  11.389198;-0.232007;-15.242306;,
  12.560464;-0.236850;0.714899;,
  9.865312;-0.242766;2.142408;,
  25.775093;38.595542;-2.215889;,
  19.515290;35.428874;-2.597692;,
  23.740504;38.544122;-6.125729;,
  28.613667;40.850230;-2.222311;,
  21.597958;38.122627;2.245756;,
  24.264048;44.028541;1.328675;,
  24.907648;48.339219;-5.292130;,
  27.332186;42.294538;-9.151578;,
  22.527630;47.248374;-11.202315;,
  19.004162;42.029824;-13.223270;,
  23.883930;41.303069;-10.564810;,
  -8.082431;-0.275161;-15.228958;,
  -5.543541;-0.280432;-8.728962;,
  -9.755068;-0.267493;-9.257204;,
  -7.040693;-0.348050;0.592235;,
  -9.755068;-0.267493;-9.257204;,
  -9.865312;-0.242766;2.142408;,
  -12.560464;-0.236850;0.714899;,
  -14.212371;-0.253021;-8.245368;,
  -11.389198;-0.232007;-15.242306;,
  -19.515290;35.428874;-2.597692;,
  -25.775093;38.595542;-2.215889;,
  -23.740504;38.544122;-6.125729;,
  -28.613667;40.850230;-2.222311;,
  -21.597958;38.122627;2.245756;,
  -24.264048;44.028541;1.328675;,
  -24.907648;48.339219;-5.292130;,
  -27.332186;42.294538;-9.151578;,
  -22.527630;47.248374;-11.202315;,
  -19.004162;42.029824;-13.223270;,
  -23.883930;41.303069;-10.564810;,
  4.538627;60.470784;-26.612587;,
  7.719941;69.887296;-24.406280;,
  8.872522;60.717939;-25.401358;,
  3.429817;69.391443;-25.550960;,
  -4.538627;60.470784;-26.612587;,
  -7.719941;69.887296;-24.406280;,
  -3.429817;69.391443;-25.550960;,
  -8.872522;60.717939;-25.401358;,
  20.016347;34.520448;-10.551522;,
  15.759405;39.839107;-3.365099;,
  15.130802;41.256707;-8.800373;,
  20.296317;33.624461;-2.188698;,
  15.609547;41.805776;1.805739;,
  23.839003;36.438038;3.671303;,
  15.461715;47.712752;1.801844;,
  25.972549;44.033994;2.653700;,
  16.425592;51.859514;-3.672459;,
  26.863082;48.688058;-5.929152;,
  24.658435;47.212931;-13.724749;,
  15.520392;50.241222;-9.719634;,
  21.592096;41.459130;-16.320019;,
  14.892230;45.321616;-11.730957;,
  15.130802;41.256707;-8.800373;,
  20.016347;34.520448;-10.551522;,
  -0.000000;61.062624;-27.221238;,
  8.003391;47.244963;-24.423008;,
  -0.000000;46.232704;-28.337674;,
  8.990120;61.234118;-24.782456;,
  13.459979;49.860669;-17.168522;,
  11.407694;62.303949;-16.254984;,
  12.444579;64.347910;-3.082758;,
  18.140115;52.196707;-2.056195;,
  9.648339;65.292013;6.195027;,
  8.523152;50.284138;9.925606;,
  0.000000;49.887309;14.989621;,
  0.000000;65.647763;10.069290;,
  -15.759405;39.839107;-3.365099;,
  -20.016347;34.520448;-10.551522;,
  -15.130802;41.256707;-8.800373;,
  -20.296317;33.624461;-2.188698;,
  -15.609547;41.805776;1.805739;,
  -23.839003;36.438038;3.671303;,
  -15.461715;47.712752;1.801844;,
  -25.972549;44.033994;2.653700;,
  -16.425592;51.859514;-3.672459;,
  -26.863082;48.688058;-5.929152;,
  -24.658435;47.212931;-13.724749;,
  -15.520392;50.241222;-9.719634;,
  -21.592096;41.459130;-16.320019;,
  -14.892230;45.321616;-11.730957;,
  -15.130802;41.256707;-8.800373;,
  -20.016347;34.520448;-10.551522;,
  -8.003391;47.244963;-24.423008;,
  -0.000000;61.062624;-27.221238;,
  -0.000000;46.232704;-28.337674;,
  -8.990124;61.234118;-24.782456;,
  -13.459979;49.860669;-17.168518;,
  -11.407694;62.303949;-16.254982;,
  -12.444583;64.347910;-3.082758;,
  -18.140115;52.196707;-2.056194;,
  -9.648339;65.292013;6.195026;,
  -8.523152;50.284138;9.925606;,
  0.000000;49.887309;14.989621;,
  0.000000;65.647763;10.069290;,
  19.515290;35.428874;-2.597692;,
  25.775093;38.595542;-2.215889;,
  21.597958;38.122627;2.245756;,
  23.740504;38.544122;-6.125729;,
  17.877088;36.951786;-8.726710;,
  28.889482;35.653194;-2.271630;,
  31.575549;37.499443;-1.527910;,
  28.613667;40.850230;-2.222311;,
  30.059258;34.780291;-7.280098;,
  35.131776;37.515168;-5.646693;,
  35.184867;32.228512;-2.791584;,
  34.844176;38.099280;-9.701038;,
  27.332186;42.294538;-9.151578;,
  36.139190;34.937677;-3.530320;,
  19.004162;42.029824;-13.223270;,
  22.527630;47.248374;-11.202315;,
  35.338157;31.192787;-4.136560;,
  38.305248;31.115222;-4.776462;,
  36.420438;33.678384;-5.570930;,
  37.002422;31.056781;-6.312065;,
  37.453686;30.756518;-6.519205;,
  39.118416;26.947331;-6.231362;,
  38.558448;27.092806;-7.222902;,
  38.640739;26.591179;-6.355074;,
  38.529859;26.530434;-5.296887;,
  36.905114;30.261533;-3.642093;,
  36.150195;30.395827;-5.034333;,
  38.529859;26.530434;-5.296887;,
  38.191293;26.674131;-6.318991;,
  38.640739;26.591179;-6.355074;,
  38.558448;27.092806;-7.222902;,
  37.002422;31.056781;-6.312065;,
  36.420438;33.678384;-5.570930;,
  35.145491;32.023181;-7.292270;,
  36.401130;30.332499;-8.067058;,
  37.453686;30.756518;-6.519205;,
  39.306570;25.821379;-8.337874;,
  38.667421;25.546616;-9.467307;,
  39.480643;25.516451;-9.532805;,
  39.154614;26.227765;-10.470088;,
  37.145146;31.115229;-9.536530;,
  36.564486;34.627309;-8.977474;,
  34.084541;32.760048;-10.345169;,
  37.406966;31.225619;-9.831999;,
  35.676602;30.611046;-11.498054;,
  39.082506;25.378454;-11.697137;,
  38.120461;25.293589;-12.998901;,
  39.228150;24.855658;-13.237390;,
  38.764950;25.903718;-14.225642;,
  36.615722;31.687040;-12.962046;,
  35.190563;34.797088;-12.062058;,
  31.236083;33.756195;-12.616134;,
  33.977523;31.524362;-14.271395;,
  35.897894;31.949437;-12.619331;,
  25.697810;35.204880;-12.398418;,
  22.246706;39.679229;-9.991348;,
  24.071960;36.463795;-13.764211;,
  31.073066;35.686736;-14.325675;,
  34.087754;32.146234;-15.880408;,
  28.925456;35.529427;-14.851790;,
  36.041322;26.720637;-15.352931;,
  36.341693;27.285245;-16.422392;,
  37.137523;27.113574;-14.311690;,
  36.999024;26.589566;-15.806608;,
  27.081526;30.879328;-17.470421;,
  28.546262;31.257357;-18.283322;,
  25.884262;31.535696;-18.826498;,
  27.275050;30.813789;-18.910141;,
  17.877088;36.951786;-8.726710;,
  22.246706;39.679229;-9.991348;,
  23.740504;38.544122;-6.125729;,
  23.883930;41.303069;-10.564810;,
  24.071960;36.463795;-13.764211;,
  26.964570;38.277888;-15.165554;,
  25.884262;31.535696;-18.826498;,
  27.564426;32.091325;-19.388406;,
  27.275050;30.813789;-18.910141;,
  28.546262;31.257357;-18.283322;,
  28.925456;35.529427;-14.851790;,
  31.073066;35.686736;-14.325675;,
  32.673814;38.154598;-13.285916;,
  36.549805;32.971629;-15.128285;,
  34.087754;32.146234;-15.880408;,
  35.190563;34.797088;-12.062058;,
  37.531738;27.642211;-15.862106;,
  36.341693;27.285245;-16.422392;,
  36.999024;26.589566;-15.806608;,
  37.137523;27.113574;-14.311690;,
  35.897894;31.949437;-12.619331;,
  38.508733;32.386442;-11.662711;,
  36.615722;31.687040;-12.962046;,
  36.564486;34.627309;-8.977474;,
  37.406966;31.225619;-9.831999;,
  39.082506;25.378454;-11.697137;,
  38.941709;31.681517;-8.131029;,
  37.145146;31.115229;-9.536530;,
  39.766259;26.092683;-13.139289;,
  39.228150;24.855658;-13.237390;,
  38.764950;25.903718;-14.225642;,
  40.068778;26.317688;-9.510551;,
  39.306570;25.821379;-8.337874;,
  39.154614;26.227765;-10.470088;,
  39.480643;25.516451;-9.532805;,
  -25.775093;38.595542;-2.215889;,
  -19.515290;35.428874;-2.597692;,
  -21.597958;38.122627;2.245756;,
  -23.740504;38.544122;-6.125729;,
  -17.877088;36.951786;-8.726710;,
  -28.889482;35.653194;-2.271630;,
  -31.575549;37.499443;-1.527910;,
  -28.613667;40.850230;-2.222311;,
  -30.059258;34.780291;-7.280098;,
  -35.131776;37.515168;-5.646693;,
  -35.184867;32.228512;-2.791584;,
  -34.844176;38.099280;-9.701038;,
  -27.332186;42.294538;-9.151578;,
  -36.139190;34.937677;-3.530320;,
  -19.004162;42.029824;-13.223270;,
  -22.527630;47.248374;-11.202315;,
  -36.420438;33.678384;-5.570930;,
  -38.305248;31.115222;-4.776462;,
  -37.453686;30.756518;-6.519205;,
  -37.002422;31.056781;-6.312065;,
  -38.941709;31.681517;-8.131029;,
  -39.118416;26.947331;-6.231362;,
  -38.558448;27.092806;-7.222902;,
  -38.640739;26.591179;-6.355074;,
  -38.529859;26.530434;-5.296887;,
  -36.905114;30.261533;-3.642093;,
  -35.338157;31.192787;-4.136560;,
  -36.150195;30.395827;-5.034333;,
  -38.529859;26.530434;-5.296887;,
  -38.191293;26.674131;-6.318991;,
  -38.640739;26.591179;-6.355074;,
  -38.558448;27.092806;-7.222902;,
  -37.002422;31.056781;-6.312065;,
  -36.420438;33.678384;-5.570930;,
  -35.145491;32.023181;-7.292270;,
  -36.401130;30.332499;-8.067058;,
  -37.453686;30.756518;-6.519205;,
  -39.306570;25.821379;-8.337874;,
  -38.667421;25.546616;-9.467307;,
  -39.480643;25.516451;-9.532805;,
  -39.154614;26.227765;-10.470088;,
  -37.145146;31.115229;-9.536530;,
  -36.564486;34.627309;-8.977474;,
  -34.084541;32.760048;-10.345169;,
  -37.406966;31.225619;-9.831999;,
  -35.676602;30.611046;-11.498054;,
  -39.082506;25.378454;-11.697137;,
  -38.120461;25.293589;-12.998901;,
  -39.228150;24.855658;-13.237390;,
  -38.764950;25.903718;-14.225642;,
  -36.615722;31.687040;-12.962046;,
  -35.190563;34.797088;-12.062058;,
  -31.236083;33.756195;-12.616134;,
  -33.977523;31.524362;-14.271395;,
  -35.897894;31.949437;-12.619331;,
  -25.697810;35.204880;-12.398418;,
  -22.246706;39.679229;-9.991348;,
  -24.071960;36.463795;-13.764211;,
  -31.073066;35.686736;-14.325675;,
  -34.087754;32.146234;-15.880408;,
  -28.925456;35.529427;-14.851790;,
  -36.041322;26.720637;-15.352931;,
  -36.341693;27.285245;-16.422392;,
  -37.137523;27.113574;-14.311690;,
  -36.999024;26.589566;-15.806608;,
  -27.081526;30.879328;-17.470421;,
  -28.546262;31.257357;-18.283322;,
  -25.884262;31.535696;-18.826498;,
  -27.275050;30.813789;-18.910141;,
  -22.246706;39.679229;-9.991348;,
  -17.877088;36.951786;-8.726710;,
  -23.740504;38.544122;-6.125729;,
  -23.883930;41.303069;-10.564810;,
  -24.071960;36.463795;-13.764211;,
  -26.964570;38.277888;-15.165554;,
  -25.884262;31.535696;-18.826498;,
  -32.673814;38.154598;-13.285916;,
  -27.564426;32.091325;-19.388406;,
  -27.275050;30.813789;-18.910141;,
  -28.546262;31.257357;-18.283322;,
  -28.925456;35.529427;-14.851790;,
  -31.073066;35.686736;-14.325675;,
  -36.549805;32.971629;-15.128285;,
  -34.087754;32.146234;-15.880408;,
  -35.190563;34.797088;-12.062058;,
  -37.531738;27.642211;-15.862106;,
  -36.341693;27.285245;-16.422392;,
  -36.999024;26.589566;-15.806608;,
  -37.137523;27.113574;-14.311690;,
  -35.897894;31.949437;-12.619331;,
  -38.508733;32.386442;-11.662711;,
  -36.615722;31.687040;-12.962046;,
  -36.564486;34.627309;-8.977474;,
  -37.406966;31.225619;-9.831999;,
  -37.145146;31.115229;-9.536530;,
  -39.082506;25.378454;-11.697137;,
  -40.068778;26.317688;-9.510551;,
  -39.154614;26.227765;-10.470088;,
  -39.306570;25.821379;-8.337874;,
  -39.480643;25.516451;-9.532805;,
  -39.766259;26.092683;-13.139289;,
  -39.228150;24.855658;-13.237390;,
  -38.764950;25.903718;-14.225642;,
  9.763598;4.806607;1.514812;,
  7.040693;-0.348050;0.592235;,
  9.865312;-0.242766;2.142408;,
  6.857512;4.726418;0.538690;,
  9.296257;6.946991;2.658705;,
  5.359240;6.819104;0.331099;,
  5.543541;-0.280432;-8.728962;,
  4.292686;6.714344;-3.684737;,
  6.323847;4.713185;-7.095416;,
  5.197861;6.770008;-8.373637;,
  9.588831;6.753393;-11.725808;,
  7.758834;2.720924;-11.812118;,
  8.082431;-0.275161;-15.228958;,
  9.755068;-0.267493;-9.257204;,
  9.735526;4.201046;-8.809666;,
  11.834023;2.856611;-12.569624;,
  11.389198;-0.232007;-15.242306;,
  14.212371;-0.253021;-8.245368;,
  13.270255;4.779816;-6.788100;,
  13.887680;6.957737;-8.729536;,
  12.560464;-0.236850;0.714899;,
  15.695669;7.061732;-3.516312;,
  12.521967;4.754448;0.132329;,
  9.865312;-0.242766;2.142408;,
  13.715163;7.122658;0.609585;,
  9.763598;4.806607;1.514812;,
  9.296257;6.946991;2.658705;,
  5.584236;2.971013;0.658210;,
  4.292686;6.714344;-3.684737;,
  4.750015;2.500737;-3.429654;,
  5.359240;6.819104;0.331099;,
  9.404246;2.437071;3.111843;,
  3.535096;11.678496;-4.379174;,
  9.296257;6.946991;2.658705;,
  13.174800;3.087406;0.793611;,
  5.010832;12.212005;0.697946;,
  13.715162;7.122658;0.609585;,
  15.514864;2.709382;-3.215283;,
  9.572357;13.147533;3.860195;,
  3.003411;16.705166;1.548827;,
  1.187458;15.289872;-5.333141;,
  0.000000;18.093923;1.452186;,
  0.000000;16.482642;-5.178772;,
  0.000000;21.264645;6.424037;,
  8.986510;21.119272;7.343926;,
  5.256563;19.889666;12.082625;,
  0.000000;20.426437;12.244039;,
  0.000000;19.266878;21.549374;,
  15.492982;21.471651;3.285372;,
  3.608798;22.123224;14.293229;,
  0.000000;23.224438;15.154408;,
  0.000000;28.086390;10.515068;,
  5.842696;25.946997;9.462658;,
  12.207204;31.043693;5.616141;,
  15.004288;13.868434;1.632330;,
  19.543370;21.798749;-3.726352;,
  17.914131;14.030645;-4.178584;,
  15.695669;7.061732;-3.516312;,
  13.862496;3.242366;-9.341506;,
  15.436184;13.446598;-10.804097;,
  16.821640;21.506454;-15.622307;,
  13.887678;6.957737;-8.729536;,
  9.442482;2.534865;-12.943958;,
  9.566322;12.183450;-14.411752;,
  9.588831;6.753393;-11.725808;,
  5.890785;3.198611;-9.422123;,
  9.359655;16.019691;-18.019667;,
  9.089786;21.029122;-23.435046;,
  5.197861;6.770008;-8.373637;,
  4.750015;2.500737;-3.429654;,
  4.292686;6.714344;-3.684737;,
  3.535096;11.678496;-4.379174;,
  5.022445;11.421995;-10.432943;,
  2.682406;16.273262;-16.046354;,
  1.187458;15.289872;-5.333141;,
  0.000000;20.604376;-24.886877;,
  0.000000;16.482642;-5.178772;,
  0.000000;17.906870;-17.437821;,
  23.796845;33.339843;-4.252615;,
  24.283259;28.045731;-13.442512;,
  27.033990;25.698416;-7.114911;,
  22.129381;34.717635;-9.579198;,
  26.775635;33.371542;-18.263994;,
  19.515290;35.428874;-2.597686;,
  23.402275;38.954979;-13.326539;,
  32.943078;38.054973;-18.136675;,
  17.877088;36.951786;-8.726702;,
  15.759405;39.839107;-3.365099;,
  26.921968;42.910224;-12.330848;,
  38.117744;40.310470;-10.806150;,
  19.004162;42.029824;-13.223262;,
  15.130802;41.256707;-8.800373;,
  14.753139;40.574685;-3.593400;,
  13.828190;42.274147;-9.615551;,
  14.892234;45.321606;-11.730952;,
  12.614576;46.421658;-12.251885;,
  22.527630;47.248374;-11.202308;,
  15.520392;50.241222;-9.719634;,
  12.656927;51.379683;-9.974582;,
  16.425592;51.859514;-3.672459;,
  13.498077;53.326218;-3.514592;,
  29.925802;43.671088;-7.114995;,
  24.907648;48.339219;-5.292120;,
  37.971597;34.098771;-0.996688;,
  15.461714;47.712752;1.801842;,
  11.772407;49.139088;2.075948;,
  13.037216;42.897507;2.313454;,
  24.264048;44.028541;1.328684;,
  15.609546;41.805776;1.805743;,
  14.753139;40.574685;-3.593400;,
  15.759405;39.839107;-3.365099;,
  29.844397;40.189139;-0.839172;,
  21.597958;38.122627;2.245762;,
  19.515290;35.428874;-2.597686;,
  26.653038;34.919990;-0.412793;,
  31.630128;27.276186;-0.601857;,
  23.796845;33.339843;-4.252615;,
  27.033990;25.698416;-7.114911;,
  0.000000;20.628179;-25.129430;,
  11.170174;13.262333;-20.585659;,
  0.000000;12.708218;-22.174643;,
  10.449818;20.678688;-23.299306;,
  19.252654;13.740754;-13.561402;,
  0.000000;32.089229;-25.950848;,
  16.821640;21.506454;-15.622307;,
  22.468472;13.714875;-3.156050;,
  9.492943;32.067027;-23.635862;,
  8.069814;42.214317;-20.287037;,
  0.000000;42.221418;-22.582027;,
  0.000000;46.784576;-19.479286;,
  15.938714;31.726218;-16.338069;,
  7.767931;46.811152;-16.599317;,
  0.000000;50.404326;-15.253720;,
  12.600022;41.974938;-14.699826;,
  6.351577;51.642400;-11.917272;,
  0.000000;55.994054;-11.453043;,
  12.614576;46.421658;-12.251885;,
  13.828190;42.274147;-9.615551;,
  12.656927;51.379683;-9.974582;,
  13.498077;53.326218;-3.514592;,
  9.556602;54.169248;-4.435030;,
  6.001606;56.749024;-4.530040;,
  15.381464;39.592042;-4.618090;,
  14.753139;40.574685;-3.593400;,
  3.827564;56.267366;-9.121357;,
  12.603471;65.224960;-3.150130;,
  11.526491;63.497619;-13.947765;,
  7.067568;62.362368;-20.889221;,
  0.000000;61.823398;-22.804942;,
  8.638858;41.992906;5.019693;,
  13.037216;42.897507;2.313454;,
  18.077438;31.656995;-3.940424;,
  19.543370;21.798749;-3.726352;,
  14.764181;21.590384;6.553038;,
  16.182957;14.401981;7.579862;,
  8.796487;19.246131;11.973054;,
  5.842696;25.946997;9.462658;,
  12.297170;31.043693;5.782889;,
  0.000000;33.877734;9.620090;,
  0.000000;28.086390;10.515068;,
  0.000000;41.560442;7.856422;,
  0.000000;49.628432;5.405252;,
  6.744946;49.882477;3.895677;,
  0.000000;56.357734;1.712184;,
  11.772407;49.139088;2.075948;,
  9.556602;54.169248;-4.435030;,
  13.498077;53.326218;-3.514592;,
  4.541744;56.472160;-0.364921;,
  6.001606;56.749024;-4.530040;,
  8.985331;65.192998;2.662467;,
  0.000000;64.264589;6.640908;,
  12.603471;65.224960;-3.150130;,
  20.726330;84.705728;0.925810;,
  20.628002;86.020531;-10.697445;,
  30.930765;85.684243;-4.291813;,
  14.961395;80.428346;-5.012776;,
  13.295352;83.235987;-13.864682;,
  13.228053;81.508333;3.449805;,
  20.726330;84.705728;0.925810;,
  10.555925;88.310605;-2.314084;,
  13.228053;81.508333;3.449805;,
  18.680422;91.387795;-4.119602;,
  30.930765;85.684243;-4.291813;,
  11.491346;87.996518;-9.551222;,
  20.628002;86.020531;-10.697445;,
  13.295352;83.235987;-13.864682;,
  -7.040693;-0.348050;0.592235;,
  -9.763598;4.806607;1.514812;,
  -9.865312;-0.242766;2.142408;,
  -6.857512;4.726418;0.538690;,
  -9.296257;6.946991;2.658705;,
  -5.359240;6.819104;0.331099;,
  -5.543541;-0.280432;-8.728962;,
  -4.292686;6.714344;-3.684737;,
  -6.323847;4.713185;-7.095416;,
  -5.197861;6.770008;-8.373637;,
  -9.588831;6.753393;-11.725808;,
  -7.758834;2.720924;-11.812118;,
  -8.082431;-0.275161;-15.228958;,
  -9.755068;-0.267493;-9.257204;,
  -9.735526;4.201046;-8.809666;,
  -11.834023;2.856611;-12.569624;,
  -11.389198;-0.232007;-15.242306;,
  -14.212371;-0.253021;-8.245368;,
  -13.270255;4.779816;-6.788100;,
  -13.887680;6.957737;-8.729536;,
  -12.560464;-0.236850;0.714899;,
  -15.695669;7.061732;-3.516312;,
  -12.521967;4.754448;0.132329;,
  -9.865312;-0.242766;2.142408;,
  -13.715163;7.122658;0.609585;,
  -9.763598;4.806607;1.514812;,
  -9.296257;6.946991;2.658705;,
  -4.292686;6.714344;-3.684737;,
  -5.584236;2.971013;0.658210;,
  -4.750015;2.500737;-3.429654;,
  -5.359240;6.819104;0.331099;,
  -9.404246;2.437071;3.111843;,
  -3.535096;11.678496;-4.379174;,
  -9.296257;6.946991;2.658705;,
  -13.174800;3.087406;0.793611;,
  -5.010832;12.212005;0.697946;,
  -13.715162;7.122658;0.609585;,
  -15.514864;2.709382;-3.215283;,
  -9.572357;13.147533;3.860195;,
  -15.695669;7.061732;-3.516312;,
  -13.862496;3.242366;-9.341506;,
  -15.004288;13.868434;1.632330;,
  -13.887678;6.957737;-8.729536;,
  -9.442482;2.534865;-12.943958;,
  -17.914131;14.030645;-4.178584;,
  -9.588831;6.753393;-11.725808;,
  -5.890785;3.198611;-9.422123;,
  -19.543370;21.798749;-3.726352;,
  -5.197861;6.770008;-8.373637;,
  -4.750015;2.500737;-3.429654;,
  -4.292686;6.714344;-3.684737;,
  -3.535096;11.678496;-4.379174;,
  -15.492982;21.471651;3.285372;,
  -15.436184;13.446598;-10.804097;,
  -16.821640;21.506454;-15.622307;,
  -9.566322;12.183450;-14.411752;,
  -9.359655;16.019691;-18.019667;,
  -9.089786;21.029122;-23.435046;,
  -5.022445;11.421995;-10.432943;,
  -2.682406;16.273262;-16.046354;,
  0.000000;20.604376;-24.886877;,
  -1.187458;15.289872;-5.333141;,
  0.000000;17.906870;-17.437821;,
  0.000000;16.482642;-5.178772;,
  -8.986510;21.119272;7.343926;,
  -12.207204;31.043693;5.616141;,
  -5.842696;25.946997;9.462658;,
  -3.003411;16.705166;1.548827;,
  -1.187458;15.289872;-5.333141;,
  0.000000;18.093923;1.452186;,
  0.000000;16.482642;-5.178772;,
  0.000000;21.264645;6.424037;,
  -5.256563;19.889666;12.082625;,
  0.000000;20.426437;12.244039;,
  0.000000;19.266878;21.549374;,
  -3.608798;22.123224;14.293229;,
  0.000000;28.086390;10.515068;,
  0.000000;23.224438;15.154408;,
  -24.283259;28.045731;-13.442512;,
  -23.796845;33.339843;-4.252615;,
  -27.033990;25.698416;-7.114911;,
  -22.129381;34.717635;-9.579198;,
  -19.515290;35.428874;-2.597686;,
  -26.775635;33.371542;-18.263994;,
  -17.877088;36.951786;-8.726702;,
  -15.759405;39.839107;-3.365099;,
  -23.402275;38.954979;-13.326539;,
  -32.943078;38.054973;-18.136675;,
  -15.130802;41.256707;-8.800373;,
  -14.753139;40.574685;-3.593400;,
  -13.828190;42.274147;-9.615551;,
  -19.004162;42.029824;-13.223262;,
  -26.921968;42.910224;-12.330848;,
  -38.117744;40.310470;-10.806150;,
  -14.892234;45.321606;-11.730952;,
  -12.614576;46.421658;-12.251885;,
  -22.527630;47.248374;-11.202308;,
  -29.925802;43.671088;-7.114995;,
  -37.971597;34.098771;-0.996688;,
  -15.520392;50.241222;-9.719634;,
  -12.656927;51.379683;-9.974582;,
  -16.425592;51.859514;-3.672459;,
  -13.498077;53.326218;-3.514592;,
  -24.907648;48.339219;-5.292120;,
  -15.461714;47.712752;1.801842;,
  -11.772407;49.139088;2.075948;,
  -13.037216;42.897507;2.313454;,
  -24.264048;44.028541;1.328684;,
  -15.609546;41.805776;1.805743;,
  -14.753139;40.574685;-3.593400;,
  -15.759405;39.839107;-3.365099;,
  -29.844397;40.189139;-0.839172;,
  -21.597958;38.122627;2.245762;,
  -19.515290;35.428874;-2.597686;,
  -26.653038;34.919990;-0.412793;,
  -31.630128;27.276186;-0.601857;,
  -23.796845;33.339843;-4.252615;,
  -27.033990;25.698416;-7.114911;,
  -11.170174;13.262333;-20.585659;,
  0.000000;20.628179;-25.129430;,
  0.000000;12.708218;-22.174643;,
  -10.449818;20.678688;-23.299306;,
  -19.252654;13.740754;-13.561402;,
  0.000000;32.089229;-25.950848;,
  -16.821640;21.506454;-15.622307;,
  -22.468472;13.714875;-3.156050;,
  -9.492943;32.067027;-23.635862;,
  -8.069814;42.214317;-20.287037;,
  0.000000;42.221418;-22.582027;,
  0.000000;46.784576;-19.479286;,
  -15.938714;31.726218;-16.338069;,
  -7.767931;46.811152;-16.599317;,
  0.000000;50.404326;-15.253720;,
  -12.600022;41.974938;-14.699826;,
  -6.351577;51.642400;-11.917272;,
  0.000000;55.994054;-11.453043;,
  -12.614576;46.421658;-12.251885;,
  -13.828190;42.274147;-9.615551;,
  -12.656927;51.379683;-9.974582;,
  -13.498077;53.326218;-3.514592;,
  -9.556602;54.169248;-4.435030;,
  -6.001606;56.749024;-4.530040;,
  -15.381464;39.592042;-4.618090;,
  -14.753139;40.574685;-3.593400;,
  -3.827564;56.267366;-9.121357;,
  -12.603471;65.224960;-3.150130;,
  -11.526491;63.497619;-13.947765;,
  -7.067568;62.362368;-20.889221;,
  0.000000;61.823398;-22.804942;,
  -8.638858;41.992906;5.019693;,
  -13.037216;42.897507;2.313454;,
  -18.077438;31.656995;-3.940424;,
  -19.543370;21.798749;-3.726352;,
  -14.764181;21.590384;6.553038;,
  -16.182957;14.401981;7.579862;,
  -8.796487;19.246131;11.973054;,
  -5.842696;25.946997;9.462658;,
  -12.297170;31.043693;5.782889;,
  0.000000;33.877734;9.620090;,
  0.000000;28.086390;10.515068;,
  0.000000;41.560442;7.856422;,
  0.000000;49.628432;5.405252;,
  -6.744946;49.882477;3.895677;,
  0.000000;56.357734;1.712184;,
  -11.772407;49.139088;2.075948;,
  -9.556602;54.169248;-4.435030;,
  -13.498077;53.326218;-3.514592;,
  -4.541744;56.472160;-0.364921;,
  -6.001606;56.749024;-4.530040;,
  -8.985331;65.192998;2.662467;,
  0.000000;64.264589;6.640908;,
  -12.603471;65.224960;-3.150130;,
  -20.726330;84.705728;0.925810;,
  -30.930765;85.684243;-4.291814;,
  -20.628002;86.020531;-10.697447;,
  -14.961395;80.428346;-5.012774;,
  -13.295347;83.235987;-13.864683;,
  -13.228048;81.508333;3.449808;,
  -10.555925;88.310605;-2.314083;,
  -20.726330;84.705728;0.925810;,
  -13.228048;81.508333;3.449808;,
  -18.680422;91.387795;-4.119601;,
  -30.930765;85.684243;-4.291814;,
  -11.491346;87.996518;-9.551223;,
  -20.628002;86.020531;-10.697447;,
  -13.295347;83.235987;-13.864683;,
  -0.000000;56.304326;-29.138317;,
  11.614167;51.740064;-28.383619;,
  -0.000000;51.653901;-31.726320;,
  9.423891;56.425267;-25.612816;,
  17.553816;54.354234;-15.605512;,
  8.990122;61.234093;-24.819866;,
  -0.000000;61.062624;-27.221238;,
  15.107408;62.671136;-15.433114;,
  8.081551;69.508019;-24.274334;,
  -0.000000;69.388870;-26.242107;,
  14.116893;73.388672;-14.410003;,
  16.784334;63.585920;-2.176185;,
  19.948486;57.078298;-1.632237;,
  8.492033;79.177376;-22.785298;,
  -0.000000;79.738618;-25.183498;,
  13.295352;83.235987;-13.864682;,
  8.180809;84.998458;-19.003304;,
  -0.000000;85.909894;-21.078797;,
  15.798912;73.703987;-3.163918;,
  11.491346;87.996518;-9.551222;,
  14.961395;80.428346;-5.012776;,
  7.217616;89.079974;-10.914198;,
  10.555925;88.310605;-2.314084;,
  -0.000000;89.617818;-12.836342;,
  13.228053;81.508333;3.449805;,
  6.478866;88.932531;-1.671881;,
  -0.000000;89.463034;-1.102043;,
  -0.000000;84.256896;7.714243;,
  7.097367;83.799936;6.227005;,
  -0.000000;73.302669;10.034023;,
  10.727246;72.949555;6.271132;,
  -0.000000;64.645318;11.568874;,
  10.947423;64.430579;7.060854;,
  -0.000000;56.629114;16.013069;,
  13.404782;55.836909;9.474094;,
  -11.614167;51.740064;-28.383619;,
  -0.000000;56.304326;-29.138317;,
  -0.000000;51.653901;-31.726320;,
  -9.423891;56.425267;-25.612816;,
  -17.553816;54.354234;-15.605515;,
  -8.990122;61.234093;-24.819866;,
  -0.000000;61.062624;-27.221238;,
  -15.107405;62.671136;-15.433114;,
  -8.081551;69.508019;-24.274334;,
  -0.000000;69.388870;-26.242107;,
  -14.116890;73.388672;-14.410005;,
  -16.784334;63.585920;-2.176186;,
  -19.948486;57.078298;-1.632237;,
  -8.492033;79.177376;-22.785298;,
  -0.000000;79.738618;-25.183498;,
  -10.947419;64.430579;7.060853;,
  -13.404777;55.836909;9.474086;,
  -0.000000;56.629114;16.013069;,
  -0.000000;64.645318;11.568874;,
  -10.727242;72.949555;6.271130;,
  -0.000000;73.302669;10.034023;,
  -15.798912;73.703987;-3.163919;,
  -7.097369;83.799936;6.227002;,
  -0.000000;84.256896;7.714243;,
  -13.228048;81.508333;3.449808;,
  -6.478867;88.932531;-1.671879;,
  -0.000000;89.463034;-1.102043;,
  -14.961395;80.428346;-5.012774;,
  -0.000000;89.617818;-12.836342;,
  -13.295347;83.235987;-13.864683;,
  -10.555925;88.310605;-2.314083;,
  -8.180809;84.998458;-19.003304;,
  -11.491346;87.996518;-9.551223;,
  -0.000000;85.909894;-21.078797;,
  -7.217617;89.079974;-10.914196;,
  -1.599570;80.238669;-25.292763;,
  -9.327558;75.815776;-24.186941;,
  -7.390593;81.117926;-22.755266;,
  1.983118;73.705581;-26.685350;,
  4.133423;79.855558;-24.665813;,
  -3.923394;74.769395;-27.147306;,
  -6.110894;70.843648;-29.421987;,
  -0.566544;69.833254;-28.862688;,
  -29.566672;32.052240;-10.583518;,
  -35.920394;30.533088;15.469853;,
  -31.221616;30.350205;-10.618354;,
  -31.683178;34.772077;15.509901;,
  -30.989805;33.241715;-11.002542;,
  -35.948426;33.404422;26.480293;,
  -37.879133;33.283629;27.236618;,
  -34.449024;36.238646;36.295974;,
  -34.894906;35.812595;25.995621;,
  -37.073402;38.523379;25.513189;,
  -35.296371;37.826909;14.644707;,
  -39.329933;35.198291;14.147325;,
  -32.590026;32.222266;-11.128073;,
  -35.920394;30.533088;15.469853;,
  -31.221616;30.350205;-10.618354;,
  -38.854458;36.981190;24.920070;,
  -38.562970;37.736842;31.413760;,
