xof 0303txt 0032
template ColorRGBA {
 <35ff44e0-6c7c-11cf-8f52-0040333594a3>
 FLOAT red;
 FLOAT green;
 FLOAT blue;
 FLOAT alpha;
}

template ColorRGB {
 <d3e16e81-7835-11cf-8f52-0040333594a3>
 FLOAT red;
 FLOAT green;
 FLOAT blue;
}

template Material {
 <3d82ab4d-62da-11cf-ab39-0020af71e433>
 ColorRGBA faceColor;
 FLOAT power;
 ColorRGB specularColor;
 ColorRGB emissiveColor;
 [...]
}

template TextureFilename {
 <a42790e1-7810-11cf-8f52-0040333594a3>
 STRING filename;
}

template Frame {
 <3d82ab46-62da-11cf-ab39-0020af71e433>
 [...]
}

template Matrix4x4 {
 <f6f23f45-7686-11cf-8f52-0040333594a3>
 array FLOAT matrix[16];
}

template FrameTransformMatrix {
 <f6f23f41-7686-11cf-8f52-0040333594a3>
 Matrix4x4 frameMatrix;
}

template Vector {
 <3d82ab5e-62da-11cf-ab39-0020af71e433>
 FLOAT x;
 FLOAT y;
 FLOAT z;
}

template MeshFace {
 <3d82ab5f-62da-11cf-ab39-0020af71e433>
 DWORD nFaceVertexIndices;
 array DWORD faceVertexIndices[nFaceVertexIndices];
}

template Mesh {
 <3d82ab44-62da-11cf-ab39-0020af71e433>
 DWORD nVertices;
 array Vector vertices[nVertices];
 DWORD nFaces;
 array MeshFace faces[nFaces];
 [...]
}

template MeshNormals {
 <f6f23f43-7686-11cf-8f52-0040333594a3>
 DWORD nNormals;
 array Vector normals[nNormals];
 DWORD nFaceNormals;
 array MeshFace faceNormals[nFaceNormals];
}

template MeshMaterialList {
 <f6f23f42-7686-11cf-8f52-0040333594a3>
 DWORD nMaterials;
 DWORD nFaceIndexes;
 array DWORD faceIndexes[nFaceIndexes];
 [Material <3d82ab4d-62da-11cf-ab39-0020af71e433>]
}

template Coords2d {
 <f6f23f44-7686-11cf-8f52-0040333594a3>
 FLOAT u;
 FLOAT v;
}

template MeshTextureCoords {
 <f6f23f40-7686-11cf-8f52-0040333594a3>
 DWORD nTextureCoords;
 array Coords2d textureCoords[nTextureCoords];
}

template XSkinMeshHeader {
 <3cf169ce-ff7c-44ab-93c0-f78f62d172e2>
 WORD nMaxSkinWeightsPerVertex;
 WORD nMaxSkinWeightsPerFace;
 WORD nBones;
}

template SkinWeights {
 <6f0d123b-bad2-4167-a0d0-80224f25fabb>
 STRING transformNodeName;
 DWORD nWeights;
 array DWORD vertexIndices[nWeights];
 array FLOAT weights[nWeights];
 Matrix4x4 matrixOffset;
}

template AnimTicksPerSecond {
 <9e415a43-7ba6-4a73-8743-b73d47e88476>
 DWORD AnimTicksPerSecond;
}

template Animation {
 <3d82ab4f-62da-11cf-ab39-0020af71e433>
 [...]
}

template AnimationSet {
 <3d82ab50-62da-11cf-ab39-0020af71e433>
 [Animation <3d82ab4f-62da-11cf-ab39-0020af71e433>]
}

template FloatKeys {
 <10dd46a9-775b-11cf-8f52-0040333594a3>
 DWORD nValues;
 array FLOAT values[nValues];
}

template TimedFloatKeys {
 <f406b180-7b3b-11cf-8f52-0040333594a3>
 DWORD time;
 FloatKeys tfkeys;
}

template AnimationKey {
 <10dd46a8-775b-11cf-8f52-0040333594a3>
 DWORD keyType;
 DWORD nKeys;
 array TimedFloatKeys keys[nKeys];
}


Material MI_DarkLord {
 1.000000;1.000000;1.000000;1.000000;;
 10.000000;
 0.000000;0.000000;0.000000;;
 0.000000;0.000000;0.000000;;

 TextureFilename {
  "DarkLord_dn.tga";
 }
}

Frame Root {
 

 FrameTransformMatrix {
  0.000066,0.000000,1.000000,0.000000,0.000000,1.000000,0.000000,0.000000,-1.000000,0.000000,0.000066,0.000000,0.000000,0.000000,0.000000,1.000000;;
 }

 Frame Bip01 {
  

  FrameTransformMatrix {
   -0.873358,-0.056339,-0.483809,0.000000,-0.035084,0.997984,-0.052881,0.000000,0.485813,-0.029210,-0.873574,0.000000,-6.217079,53.943053,-0.973048,1.000000;;
  }

  Frame Bip01-Pelvis {
   

   FrameTransformMatrix {
    0.000061,1.000000,-0.000061,0.000000,-0.000061,0.000061,1.000000,0.000000,1.000000,-0.000061,0.000061,0.000000,-1.847978,0.000000,-0.000001,1.000000;;
   }

   Frame Bip01-Spine {
    

    FrameTransformMatrix {
     1.000000,0.000000,0.000793,0.000000,0.000000,1.000000,0.000000,0.000000,-0.000793,-0.000000,1.000000,0.000000,4.688560,0.000022,-3.415272,1.000000;;
    }

    Frame Bip01-Spine1 {
     

     FrameTransformMatrix {
      0.942643,0.000000,0.333802,0.000000,0.000000,1.000000,0.000000,0.000000,-0.333802,-0.000000,0.942643,0.000000,1.878990,0.000000,-0.005189,1.000000;;
     }

     Frame Bip01-Spine2 {
      

      FrameTransformMatrix {
       0.798640,-0.000000,-0.601809,0.000000,0.000000,1.000000,-0.000000,0.000000,0.601809,0.000000,0.798640,0.000000,6.906338,-0.000005,-0.007019,1.000000;;
      }

      Frame Bip01-Neck {
       

       FrameTransformMatrix {
        0.998625,0.000419,-0.052427,0.000000,-0.028519,0.843420,-0.536498,0.000000,0.043994,0.537255,0.842272,0.000000,11.038162,-0.002188,-0.003429,1.000000;;
       }

       Frame Bip01-Head {
        

        FrameTransformMatrix {
         0.475018,0.114735,0.872464,0.000000,0.417590,0.843325,-0.338262,0.000000,-0.774582,0.525013,0.352682,0.000000,5.113167,0.000000,0.000000,1.000000;;
        }
       }

       Frame Bip01-L-Clavicle {
        

        FrameTransformMatrix {
         -0.217679,0.801049,0.557617,0.000000,0.974655,0.148191,0.167594,0.000000,0.051617,0.579966,-0.813004,0.000000,0.247513,2.037760,3.477800,1.000000;;
        }

        Frame Bip01-L-UpperArm {
         

         FrameTransformMatrix {
          0.780880,-0.542022,0.310546,0.000000,0.574077,0.818670,-0.014646,0.000000,-0.246296,0.189714,0.950446,0.000000,7.565797,-0.000008,-0.000002,1.000000;;
         }

         Frame Bip01-L-Forearm {
          

          FrameTransformMatrix {
           0.705160,0.000000,-0.709049,0.000000,0.000000,1.000000,-0.000000,0.000000,0.709049,0.000000,0.705160,0.000000,13.278309,0.000000,-0.000001,1.000000;;
          }

          Frame Bip01-L-Hand {
           

           FrameTransformMatrix {
            0.997463,0.029050,0.064992,0.000000,0.065727,-0.726485,-0.684032,0.000000,0.027345,0.686568,-0.726551,0.000000,17.527373,0.000000,0.000002,1.000000;;
           }

           Frame Bip01-L-Finger0 {
            

            FrameTransformMatrix {
             0.387839,-0.624425,0.677993,0.000000,0.747644,-0.217086,-0.627616,0.000000,0.539082,0.750311,0.382654,0.000000,2.149910,-2.555191,1.225399,1.000000;;
            }

            Frame Bip01-L-Finger01 {
             

             FrameTransformMatrix {
              0.981634,0.000000,0.190774,0.000000,0.000000,1.000000,-0.000000,0.000000,-0.190774,-0.000000,0.981634,0.000000,1.950249,0.000008,0.000001,1.000000;;
             }

             Frame Bip01-L-Finger02 {
              

              FrameTransformMatrix {
               0.544643,0.000000,0.838668,0.000000,0.000000,1.000000,-0.000000,0.000000,-0.838668,0.000000,0.544643,0.000000,1.562965,0.000000,-0.000002,1.000000;;
              }
             }
            }
           }

           Frame Bip01-L-Finger1 {
            

            FrameTransformMatrix {
             0.992645,-0.109776,0.051040,0.000000,0.116787,0.979376,-0.164877,0.000000,-0.031887,0.169625,0.984993,0.000000,5.047062,-1.290777,0.081142,1.000000;;
            }

            Frame Bip01-L-Finger11 {
             

             FrameTransformMatrix {
              0.990274,0.000000,0.139130,0.000000,-0.000000,1.000000,-0.000000,0.000000,-0.139130,0.000000,0.990274,0.000000,1.771822,0.000000,-0.000004,1.000000;;
             }

             Frame Bip01-L-Finger12 {
              

              FrameTransformMatrix {
               0.948325,0.000000,0.317302,0.000000,-0.000000,1.000000,0.000000,0.000000,-0.317302,0.000000,0.948325,0.000000,2.282228,0.000002,-0.000004,1.000000;;
              }
             }
            }
           }

           Frame Bip01-L-Finger2 {
            

            FrameTransformMatrix {
             0.737004,0.021148,0.675557,0.000000,-0.025837,0.999661,-0.003106,0.000000,-0.675394,-0.015165,0.737301,0.000000,5.072990,0.956596,-0.041027,1.000000;;
            }

            Frame Bip01-L-Finger21 {
             

             FrameTransformMatrix {
              0.829043,0.000000,0.559185,0.000000,0.000000,1.000000,0.000000,0.000000,-0.559185,-0.000000,0.829043,0.000000,1.882210,0.000002,0.000000,1.000000;;
             }

             Frame Bip01-L-Finger22 {
              

              FrameTransformMatrix {
               0.743173,-0.000000,0.669100,0.000000,0.000000,1.000000,-0.000000,0.000000,-0.669100,0.000000,0.743173,0.000000,2.556065,0.000000,-0.000002,1.000000;;
              }
             }
            }
           }

           Frame Bip01-L-Finger3 {
            

            FrameTransformMatrix {
             0.479568,-0.081491,0.873713,0.000000,-0.198096,0.959922,0.198263,0.000000,-0.854853,-0.268160,0.444204,0.000000,5.062982,2.985010,0.098110,1.000000;;
            }

            Frame Bip01-L-Finger31 {
             

             FrameTransformMatrix {
              0.629350,0.000000,0.777122,0.000000,0.000000,1.000000,0.000000,0.000000,-0.777122,0.000000,0.629350,0.000000,1.754288,0.000001,0.000004,1.000000;;
             }

             Frame Bip01-L-Finger32 {
              

              FrameTransformMatrix {
               0.469487,-0.000000,0.882939,0.000000,0.000000,1.000000,-0.000000,0.000000,-0.882939,0.000000,0.469487,0.000000,1.383160,-0.000000,0.000002,1.000000;;
              }
             }
            }
           }
          }
         }
        }
       }

       Frame Bip01-R-Clavicle {
        

        FrameTransformMatrix {
         -0.218421,-0.843637,-0.490478,0.000000,-0.974476,0.215269,0.063688,0.000000,0.051855,0.491870,-0.869123,0.000000,0.244438,-4.009642,-0.374798,1.000000;;
        }

        Frame Bip01-R-UpperArm {
         

         FrameTransformMatrix {
          0.087062,0.119039,0.989065,0.000000,-0.636472,0.770426,-0.036699,0.000000,-0.766370,-0.626318,0.142840,0.000000,7.565800,-0.000008,0.000000,1.000000;;
         }

         Frame Bip01-R-Forearm {
          

          FrameTransformMatrix {
           0.677397,0.000000,-0.735618,0.000000,-0.000000,1.000000,0.000000,0.000000,0.735618,0.000000,0.677397,0.000000,13.278310,0.000000,0.000000,1.000000;;
          }

          Frame Bip01-R-Hand {
           

           FrameTransformMatrix {
            0.981227,0.161975,-0.104682,0.000000,-0.061554,-0.251377,-0.965930,0.000000,-0.182771,0.954240,-0.236688,0.000000,17.527379,0.000000,0.000000,1.000000;;
           }

           Frame Bip01-R-Finger0 {
            

            FrameTransformMatrix {
             0.575104,0.094845,0.812563,0.000000,-0.613165,-0.607547,0.504892,0.000000,0.541557,-0.788601,-0.291247,0.000000,2.149914,2.555191,1.225399,1.000000;;
            }

            Frame Bip01-R-Finger01 {
             

             FrameTransformMatrix {
              0.798640,-0.000000,0.601809,0.000000,0.000000,1.000000,0.000000,0.000000,-0.601809,0.000000,0.798640,0.000000,1.950241,-0.000002,-0.000002,1.000000;;
             }

             Frame Bip01-R-Finger02 {
              

              FrameTransformMatrix {
               0.713259,0.000000,0.700901,0.000000,0.000000,1.000000,0.000000,0.000000,-0.700901,-0.000000,0.713259,0.000000,1.562962,0.000001,0.000004,1.000000;;
              }
             }
            }
           }

           Frame Bip01-R-Finger1 {
            

            FrameTransformMatrix {
             0.633748,-0.208119,0.745016,0.000000,0.070425,0.974650,0.212361,0.000000,-0.770327,-0.082116,0.632340,0.000000,5.047062,1.290777,0.081146,1.000000;;
            }

            Frame Bip01-R-Finger11 {
             

             FrameTransformMatrix {
              0.241950,-0.000000,0.970289,0.000000,-0.000000,1.000000,0.000000,0.000000,-0.970289,0.000000,0.241951,0.000000,1.771824,0.000000,0.000004,1.000000;;
             }

             Frame Bip01-R-Finger12 {
              

              FrameTransformMatrix {
               0.292412,0.000000,0.956292,0.000000,-0.000000,1.000000,0.000000,0.000000,-0.956292,0.000000,0.292412,0.000000,2.282207,0.000000,-0.000004,1.000000;;
              }
             }
            }
           }

           Frame Bip01-R-Finger2 {
            

            FrameTransformMatrix {
             0.551716,-0.016837,0.833862,0.000000,0.025850,0.999661,0.003081,0.000000,-0.833631,0.019855,0.551965,0.000000,5.072987,-0.956592,-0.041023,1.000000;;
            }

            Frame Bip01-R-Finger21 {
             

             FrameTransformMatrix {
              0.374612,-0.000000,0.927182,0.000000,0.000000,1.000000,-0.000000,0.000000,-0.927182,-0.000000,0.374612,0.000000,1.882202,-0.000000,0.000002,1.000000;;
             }

             Frame Bip01-R-Finger22 {
              

              FrameTransformMatrix {
               0.147888,0.000000,0.989004,0.000000,-0.000000,1.000000,-0.000000,0.000000,-0.989004,-0.000000,0.147888,0.000000,2.556076,0.000000,-0.000004,1.000000;;
              }
             }
            }
           }

           Frame Bip01-R-Finger3 {
            

            FrameTransformMatrix {
             0.301887,0.148651,0.941683,0.000000,0.009376,0.987258,-0.158851,0.000000,-0.953298,0.056784,0.296646,0.000000,5.062984,-2.985005,0.098114,1.000000;;
            }

            Frame Bip01-R-Finger31 {
             

             FrameTransformMatrix {
              0.594843,-0.000000,0.803842,0.000000,0.000000,1.000000,0.000000,0.000000,-0.803842,0.000000,0.594843,0.000000,1.754284,0.000000,0.000000,1.000000;;
             }

             Frame Bip01-R-Finger32 {
              

              FrameTransformMatrix {
               0.309086,0.000000,0.951034,0.000000,0.000000,1.000000,-0.000000,0.000000,-0.951034,0.000000,0.309086,0.000000,1.383160,0.000000,-0.000008,1.000000;;
              }
             }
            }
           }

           Frame Sword-Bone {
            

            FrameTransformMatrix {
             0.019520,0.999769,-0.008994,0.000000,0.021256,-0.009408,-0.999730,0.000000,-0.999584,0.019324,-0.021435,0.000000,4.430817,1.998364,1.490540,1.000000;;
            }
           }
          }
         }
        }
       }
      }

      Frame Bone01 {
       

       FrameTransformMatrix {
        0.821391,0.350178,-0.450213,0.000000,-0.307086,0.936683,0.168293,0.000000,0.480639,0.000020,0.876918,0.000000,12.503212,5.549614,-4.875863,1.000000;;
       }

       Frame Bone02 {
        

        FrameTransformMatrix {
         -0.157435,-0.000000,0.987529,0.000000,0.000000,1.000000,-0.000000,0.000000,-0.987529,0.000000,-0.157435,0.000000,25.382534,-0.000002,0.000004,1.000000;;
        }

        Frame Bone03 {
         

         FrameTransformMatrix {
          0.281918,0.000000,0.959438,0.000000,0.000000,1.000000,0.000000,0.000000,-0.959438,-0.000000,0.281918,0.000000,2.214790,0.000002,0.000008,1.000000;;
         }

         Frame Bone04 {
          

          FrameTransformMatrix {
           0.968212,0.000000,0.250132,0.000000,-0.000000,1.000000,0.000000,0.000000,-0.250132,-0.000000,0.968212,0.000000,16.732982,0.000004,0.000000,1.000000;;
          }

          Frame Bone05 {
           

           FrameTransformMatrix {
            -0.711422,0.000000,0.702764,0.000000,0.000000,1.000000,0.000000,0.000000,-0.702765,-0.000000,-0.711422,0.000000,2.939659,-0.000002,0.000000,1.000000;;
           }
          }
         }
        }
       }
      }

      Frame Bone11 {
       

       FrameTransformMatrix {
        0.821391,-0.350178,-0.450213,0.000000,0.307086,0.936683,-0.168293,0.000000,0.480639,-0.000020,0.876919,0.000000,12.503212,-5.549632,-4.875847,1.000000;;
       }

       Frame Bone12 {
        

        FrameTransformMatrix {
         -0.070715,0.000000,0.997497,0.000000,0.000000,1.000000,-0.000000,0.000000,-0.997497,0.000000,-0.070715,0.000000,25.382538,0.000001,-0.000004,1.000000;;
        }

        Frame Bone10 {
         

         FrameTransformMatrix {
          0.364468,0.000000,0.931216,0.000000,-0.000000,1.000000,-0.000000,0.000000,-0.931216,0.000000,0.364468,0.000000,2.214790,0.000001,-0.000008,1.000000;;
         }

         Frame Bone08 {
          

          FrameTransformMatrix {
           -0.043381,0.000000,0.999059,0.000000,-0.000000,1.000000,-0.000000,0.000000,-0.999059,0.000000,-0.043381,0.000000,16.733005,-0.000002,0.000008,1.000000;;
          }

          Frame Bone09 {
           

           FrameTransformMatrix {
            0.393108,0.000000,0.919492,0.000000,0.000000,1.000000,-0.000000,0.000000,-0.919492,-0.000000,0.393108,0.000000,2.939659,0.000001,-0.000004,1.000000;;
           }
          }
         }
        }
       }
      }
     }
    }

    Frame Bip01-L-Thigh {
     

     FrameTransformMatrix {
      -0.988613,-0.132711,-0.070940,0.000000,0.127274,-0.988925,0.076351,0.000000,-0.080287,0.066453,0.994554,0.000000,-4.685844,6.477265,3.418987,1.000000;;
     }

     Frame Bip01-L-Calf {
      

      FrameTransformMatrix {
       0.999999,0.000000,-0.001648,0.000000,0.000000,1.000000,0.000000,0.000000,0.001648,-0.000000,0.999999,0.000000,18.157616,0.000001,-0.000000,1.000000;;
      }
     }
    }

    Frame Bip01-R-Thigh {
     

     FrameTransformMatrix {
      -0.993764,0.106103,-0.034287,0.000000,-0.105151,-0.994049,-0.028471,0.000000,-0.037104,-0.024688,0.999006,0.000000,-4.685848,-6.477259,3.419024,1.000000;;
     }

     Frame Bip01-R-Calf {
      

      FrameTransformMatrix {
       0.996996,0.000000,-0.077459,0.000000,0.000000,1.000000,-0.000000,0.000000,0.077459,0.000000,0.996996,0.000000,18.157616,-0.000000,-0.000000,1.000000;;
      }
     }
    }

    Frame Bip01-Tail {
     

     FrameTransformMatrix {
      -0.997006,-0.000000,-0.077330,0.000000,0.000000,1.000000,-0.000006,0.000000,0.077330,-0.000005,-0.997006,0.000000,0.290905,-0.000009,-0.873468,1.000000;;
     }

     Frame Bip01-Tail1 {
      

      FrameTransformMatrix {
       0.987774,-0.130516,0.085257,0.000000,0.130044,0.991446,0.011088,0.000000,-0.085975,0.000135,0.996297,0.000000,7.250694,-0.000001,-0.008606,1.000000;;
      }

      Frame Bip01-Tail2 {
       

       FrameTransformMatrix {
        0.992930,-0.113183,-0.035770,0.000000,0.113108,0.993574,-0.004109,0.000000,0.036005,0.000034,0.999352,0.000000,10.848434,-0.000005,-0.008305,1.000000;;
       }

       Frame Bip01-Tail3 {
        

        FrameTransformMatrix {
         0.996871,-0.078434,-0.009802,0.000000,0.078430,0.996919,-0.000813,0.000000,0.009836,0.000041,0.999951,0.000000,10.435966,-0.000001,-0.008428,1.000000;;
        }

        Frame Bip01-Tail4 {
         

         FrameTransformMatrix {
          0.988089,-0.121856,0.093979,0.000000,0.121319,0.992548,0.011428,0.000000,-0.094671,0.000109,0.995509,0.000000,10.588472,-0.000002,-0.013089,1.000000;;
         }
        }
       }
      }
     }
    }
   }
  }
 }
}

Frame DarkLord {
 

 FrameTransformMatrix {
  1.000000,0.000000,0.000000,0.000000,0.000000,1.000000,0.000000,0.000000,0.000000,0.000000,1.000000,0.000000,0.000000,0.000000,0.000000,1.000000;;
 }

 Mesh DarkLord {
  2668;
  5.191703;80.973402;0.000041;,
  4.644903;81.215706;-0.273058;,
  4.908203;81.496909;0.000042;,
  4.908203;81.496909;0.000042;,
  4.745003;81.697907;-0.408658;,
  5.067103;82.053306;0.000043;,
  4.753103;80.559411;-0.461859;,
  5.191703;80.973402;0.000041;,
  4.823703;80.449312;0.000040;,
  4.753103;80.559411;-0.461859;,
  4.644903;81.215706;-0.273058;,
  5.191703;80.973402;0.000041;,
  -3.127497;83.949210;-1.589954;,
  -3.925798;81.981606;-0.924457;,
  -3.374297;84.522509;0.000046;,
  -1.426797;82.108403;-2.725856;,
  -1.983997;80.352704;-2.505859;,
  -2.463697;82.963610;-2.240355;,
  -3.127497;83.949210;-1.589954;,
  -2.463697;82.963610;-2.240355;,
  -3.925798;81.981606;-0.924457;,
  -4.767300;72.765798;-1.900370;,
  -4.751999;75.670304;-1.186366;,
  -3.253599;73.390099;0.000031;,
  -2.091899;70.786797;0.000027;,
  -0.478699;68.247597;0.000024;,
  -3.529200;69.376294;-2.044874;,
  -2.294500;67.088998;-1.451878;,
  -3.529200;69.376294;-2.044874;,
  -0.478699;68.247597;0.000024;,
  -3.253599;73.390099;0.000031;,
  -2.091899;70.786797;0.000027;,
  -4.767300;72.765798;-1.900370;,
  -3.529200;69.376294;-2.044874;,
  -4.767300;72.765798;-1.900370;,
  -2.091899;70.786797;0.000027;,
  -3.160499;77.413203;0.000036;,
  -4.751999;75.670304;-1.186366;,
  -4.389199;77.834394;-1.811963;,
  1.863500;51.370000;-2.275300;,
  0.845700;49.689200;-1.122700;,
  0.034900;51.353002;-3.343700;,
  0.845700;49.689200;-1.122700;,
  -0.903700;49.593101;-2.083700;,
  0.034900;51.353002;-3.343700;,
  5.387201;74.148902;-2.179168;,
  6.856502;72.767603;-1.511270;,
  5.870301;73.743200;0.000031;,
  8.149401;72.361600;0.000029;,
  5.870301;73.743200;0.000031;,
  6.856502;72.767603;-1.511270;,
  -14.540390;83.998694;-5.675452;,
  -16.225893;85.174899;-3.337451;,
  -15.954592;84.411098;-5.679052;,
  -16.225893;85.174899;-3.337451;,
  -20.346992;85.317504;-5.680450;,
  -15.954592;84.411098;-5.679052;,
  -14.540390;83.998694;-5.675452;,
  -13.726192;83.589293;-5.671953;,
  -13.738192;84.487002;-3.669252;,
  -4.533700;57.228800;-7.439599;,
  -5.875400;49.545811;-8.462402;,
  -7.340099;55.396198;-4.151199;,
  -6.477302;53.862931;-19.853294;,
  -6.501002;56.234931;-20.212990;,
  -2.255401;56.770938;-21.330488;,
  -6.501002;56.234931;-20.212990;,
  -6.477302;53.862931;-19.853294;,
  -7.053602;53.220323;-15.699894;,
  -6.505302;54.805222;-14.705792;,
  -7.053602;53.220323;-15.699894;,
  -2.028201;54.510317;-12.977694;,
  1.180600;57.226534;-19.168789;,
  1.995200;55.962733;-19.511290;,
  -2.255401;56.770938;-21.330488;,
  -2.028201;54.510317;-12.977694;,
  1.995200;54.746918;-15.182792;,
  1.119100;56.077722;-14.855390;,
  4.908203;81.496909;0.000042;,
  4.644903;81.215706;0.273141;,
  5.191703;80.973402;0.000041;,
  5.067103;82.053306;0.000043;,
  4.745003;81.697907;0.408742;,
  4.908203;81.496909;0.000042;,
  4.823703;80.449312;0.000040;,
  5.191703;80.973402;0.000041;,
  4.753103;80.559411;0.461940;,
  5.191703;80.973402;0.000041;,
  4.644903;81.215706;0.273141;,
  4.753103;80.559411;0.461940;,
  -3.374297;84.522509;0.000046;,
  -3.925798;81.981600;0.924543;,
  -3.127497;83.949203;1.590045;,
  -2.463697;82.963603;2.240444;,
  -1.983997;80.352698;2.505940;,
  -1.426797;82.108397;2.725942;,
  -3.925798;81.981600;0.924543;,
  -2.463697;82.963603;2.240444;,
  -3.127497;83.949203;1.590045;,
  -3.253599;73.390099;0.000031;,
  -4.751999;75.670304;1.186434;,
  -4.767299;72.765798;1.900430;,
  -3.529199;69.376288;2.044925;,
  -0.478699;68.247597;0.000024;,
  -2.091899;70.786797;0.000027;,
  -0.478699;68.247597;0.000024;,
  -3.529199;69.376288;2.044925;,
  -2.294499;67.088992;1.451922;,
  -4.767299;72.765798;1.900430;,
  -2.091899;70.786797;0.000027;,
  -3.253599;73.390099;0.000031;,
  -2.091899;70.786797;0.000027;,
  -4.767299;72.765798;1.900430;,
  -3.529199;69.376288;2.044925;,
  -4.389199;77.834394;1.812037;,
  -4.751999;75.670304;1.186434;,
  -3.160499;77.413203;0.000036;,
  0.034900;51.353002;3.343700;,
  0.845700;49.689200;1.122700;,
  1.863500;51.370000;2.275300;,
  0.034900;51.353002;3.343700;,
  -0.903700;49.593101;2.083700;,
  0.845700;49.689200;1.122700;,
  5.870301;73.743200;0.000031;,
  6.856502;72.767603;1.511329;,
  5.387201;74.148896;2.179231;,
  6.856502;72.767603;1.511329;,
  5.870301;73.743200;0.000031;,
  8.149401;72.361600;0.000029;,
  -15.954611;84.411098;5.679146;,
  -16.225914;85.174886;3.337547;,
  -14.540411;83.998694;5.675545;,
  -15.954611;84.411098;5.679146;,
  -20.347011;85.317491;5.680548;,
  -16.225914;85.174886;3.337547;,
  -13.738213;84.486989;3.669346;,
  -13.726211;83.589293;5.672044;,
  -14.540411;83.998694;5.675545;,
  -7.340099;55.396198;4.151200;,
  -5.875399;49.545789;8.462398;,
  -4.533700;57.228800;7.439500;,
  -2.255598;56.770061;21.328400;,
  -6.498999;56.234362;20.211398;,
  -6.475299;53.862458;19.852198;,
  -7.051299;53.220563;15.700798;,
  -6.475299;53.862458;19.852198;,
  -6.498999;56.234362;20.211398;,
  -2.028498;54.510970;12.979700;,
  -7.051299;53.220563;15.700798;,
  -6.503300;54.805664;14.707000;,
  -2.255598;56.770061;21.328400;,
  1.992903;55.962157;19.510099;,
  1.178603;57.225958;19.167603;,
  1.117203;56.077965;14.856402;,
  1.992903;54.747168;15.183899;,
  -2.028498;54.510970;12.979700;,
  -3.613799;75.525498;0.000034;,
  -3.253599;73.390099;0.000031;,
  -4.751999;75.670304;-1.186366;,
  -3.160499;77.413203;0.000036;,
  -2.375201;57.390726;-13.637890;,
  1.119100;56.077722;-14.855390;,
  0.121000;57.720819;-15.295989;,
  -2.028201;54.510317;-12.977694;,
  -4.751999;75.670304;1.186434;,
  -3.253599;73.390099;0.000031;,
  -3.613799;75.525498;0.000034;,
  -3.160499;77.413203;0.000036;,
  0.119603;57.720864;15.296504;,
  1.117203;56.077965;14.856402;,
  -2.375398;57.391168;13.639205;,
  -2.028498;54.510970;12.979700;,
  3.241603;76.656314;-2.258664;,
  -3.421198;84.162208;0.000046;,
  0.756003;77.702208;-3.431162;,
  -1.305198;79.441306;-4.182160;,
  -2.789098;80.348109;-4.140958;,
  -8.926900;1.107094;-0.000169;,
  -8.920500;16.940696;-0.000147;,
  -6.435000;1.087700;-4.238668;,
  -6.212200;16.836605;-5.918346;,
  -8.914300;27.554099;-0.000132;,
  -6.097700;27.488608;-6.809331;,
  -8.914199;38.135798;-0.000018;,
  -5.940499;38.031114;-7.968816;,
  -8.913298;49.364301;-0.000002;,
  -5.875400;49.545811;-8.462402;,
  -7.340099;55.396198;-4.151199;,
  -3.394400;33.686810;-9.058922;,
  -6.520501;32.563011;-10.611326;,
  -3.481000;30.359712;-10.050527;,
  -5.937200;29.681613;-11.543729;,
  -8.081200;31.934816;-13.449325;,
  -7.170701;28.797216;-14.230229;,
  -5.899100;31.064419;-16.236726;,
  -6.482400;33.945920;-15.304222;,
  -3.442500;32.383923;-17.184824;,
  -3.355900;35.711021;-16.193122;,
  -0.378001;32.844224;-17.545026;,
  -0.250601;35.709024;-16.705120;,
  1.509300;34.041120;-16.051822;,
  2.926700;36.357517;-15.193918;,
  1.978500;31.820922;-16.477424;,
  4.820900;35.265814;-12.479122;,
  6.084200;37.248714;-11.877618;,
  2.882000;34.695811;-9.533922;,
  4.162300;33.201712;-13.093823;,
  1.462100;32.289613;-10.085826;,
  -0.318700;33.291709;-8.721524;,
  4.259699;31.037418;-13.729627;,
  4.783500;29.018518;-14.311629;,
  1.934500;30.188512;-10.917129;,
  -0.446100;30.426912;-9.561428;,
  -3.481000;30.359712;-10.050527;,
  -3.394400;33.686810;-9.058922;,
  -0.230702;34.843328;-22.767814;,
  -1.057702;34.820426;-22.808715;,
  -0.629002;33.945328;-22.952218;,
  -0.140301;36.223229;-22.225613;,
  -1.187202;36.200429;-22.232011;,
  -1.490102;38.309629;-21.754109;,
  -0.260102;38.426928;-22.068907;,
  -1.679402;40.098928;-21.627107;,
  -0.622302;40.152026;-21.506008;,
  -0.375801;42.148826;-21.127104;,
  -2.376502;41.419427;-20.247109;,
  -0.235301;43.450122;-18.875006;,
  0.349299;41.551629;-20.977306;,
  0.879199;42.130426;-19.409904;,
  1.401299;40.895325;-19.316102;,
  0.925499;40.337728;-20.692203;,
  -1.914902;45.599629;-19.888803;,
  2.306000;39.676022;-19.050507;,
  1.674000;39.227024;-20.475106;,
  2.332200;37.509219;-20.040307;,
  2.644101;37.817421;-19.247307;,
  2.638700;36.517718;-19.645610;,
  -3.962003;41.592726;-20.166008;,
  -3.717602;45.209926;-18.931605;,
  -4.993103;45.524227;-20.218504;,
  -5.427503;42.325827;-19.898008;,
  -5.712304;39.984726;-21.477410;,
  -4.747304;39.940925;-21.411709;,
  -4.848304;38.315130;-22.014011;,
  -3.813803;40.033626;-21.558107;,
  -6.000804;38.365424;-21.618109;,
  -2.694902;39.982525;-21.502008;,
  -5.119704;36.935526;-21.993915;,
  -2.634303;38.206227;-22.008706;,
  -6.095004;37.022925;-21.991013;,
  -3.901803;38.282528;-21.682806;,
  -6.122006;35.529923;-22.553118;,
  -5.254005;35.460723;-22.516618;,
  -5.772005;34.704022;-22.685918;,
  -2.805003;35.640630;-22.351608;,
  -3.828604;35.642829;-22.319208;,
  -3.825104;34.040528;-22.953909;,
  -2.931504;34.044525;-22.943909;,
  -3.415704;33.162426;-23.101112;,
  0.756003;77.702202;3.431236;,
  -3.421198;84.162208;0.000046;,
  3.241603;76.656301;2.258734;,
  -1.305197;79.441299;4.182138;,
  -2.789097;80.348096;4.140940;,
  -15.889699;70.983802;0.002928;,
  -13.875200;67.033299;0.002923;,
  -4.337700;69.141600;0.000025;,
  -3.193300;66.902003;0.000022;,
  -12.515500;64.366502;0.002919;,
  -2.765500;65.549894;0.000020;,
  -12.630299;62.136397;0.002916;,
  -2.859900;64.126195;0.000018;,
  -6.435000;1.087688;4.238330;,
  -8.920500;16.940696;-0.000147;,
  -8.926900;1.107094;-0.000169;,
  -6.212200;16.836587;5.918051;,
  -8.914300;27.554099;-0.000132;,
  -6.097700;27.488589;6.809066;,
  -8.914199;38.135798;-0.000018;,
  -5.940499;38.031091;7.968680;,
  -8.913298;49.364301;-0.000002;,
  -5.875399;49.545789;8.462398;,
  -7.340099;55.396198;4.151200;,
  -3.482000;30.359379;10.049373;,
  -6.522600;32.562880;10.610477;,
  -3.395400;33.686579;9.057778;,
  -5.938999;29.681379;11.542972;,
  -8.083799;31.934877;13.449374;,
  -7.172999;28.797174;14.230170;,
  -5.900899;31.064672;16.237574;,
  -6.484499;33.946176;15.305078;,
  -3.443399;32.384269;17.186174;,
  -3.356899;35.711373;16.194581;,
  -0.377899;32.844570;17.546477;,
  -0.250499;35.709472;16.706680;,
  1.510001;34.041373;16.052976;,
  2.927901;36.357773;15.194981;,
  1.979401;31.821171;16.478475;,
  4.822801;35.265875;12.479378;,
  6.086501;37.248582;11.877882;,
  2.883200;34.695581;9.533078;,
  4.164000;33.201677;13.093976;,
  1.462900;32.289379;10.084875;,
  -0.318500;33.291386;8.720276;,
  4.261500;31.037376;13.729773;,
  4.785500;29.018374;14.311670;,
  1.935501;30.188179;10.916272;,
  -0.446000;30.426579;9.560172;,
  -3.482000;30.359379;10.049373;,
  -3.395400;33.686579;9.057778;,
  -0.628998;33.945158;22.951970;,
  -1.057698;34.820259;22.808470;,
  -0.230698;34.843158;22.767571;,
  -0.140298;36.223056;22.225374;,
  -1.187198;36.200256;22.231872;,
  -1.490098;38.309459;21.753974;,
  -0.260098;38.426758;22.068774;,
  -1.679398;40.098755;21.626978;,
  -0.622298;40.151856;21.505877;,
  -0.375798;42.148659;21.126979;,
  -2.376498;41.419258;20.246979;,
  -0.235298;43.449962;18.874981;,
  0.349303;41.551456;20.977179;,
  0.879203;42.130256;19.409779;,
  1.401202;40.895158;19.315978;,
  0.925502;40.337459;20.691976;,
  -1.914998;45.599456;19.888885;,
  2.306002;39.675757;19.050477;,
  1.674102;39.226858;20.474776;,
  2.332202;37.509059;20.039974;,
  2.644003;37.817258;19.247373;,
  2.638602;36.517558;19.645371;,
  -3.961899;41.592560;20.165878;,
  -3.717199;45.209859;18.931984;,
  -5.427499;42.325658;19.897880;,
  -4.992399;45.524061;20.218584;,
  -5.712299;39.984557;21.477278;,
  -4.747299;39.940758;21.411578;,
  -4.848300;38.314954;22.013774;,
  -3.813799;40.033456;21.557878;,
  -6.000800;38.365254;21.617976;,
  -2.694899;39.982352;21.501878;,
  -5.119700;36.935354;21.993773;,
  -2.633799;38.205955;22.008278;,
  -6.095000;37.022755;21.990875;,
  -3.902299;38.282253;21.681976;,
  -6.122001;35.529750;22.552874;,
  -5.254001;35.460554;22.516371;,
  -5.772000;34.703850;22.685670;,
  -2.804699;35.640355;22.351173;,
  -3.828900;35.642656;22.318674;,
  -3.824900;34.040355;22.953771;,
  -2.931599;34.044352;22.943870;,
  -3.415599;33.162250;23.100870;,
  -18.488909;38.172032;-21.231718;,
  -20.974810;40.075920;-19.942899;,
  -18.488907;40.255328;-21.231699;,
  -20.974810;38.351219;-19.942915;,
  -22.615509;40.004627;-20.694299;,
  -22.615509;38.422627;-20.694315;,
  -49.121318;39.542832;-20.691904;,
  -49.121318;38.884429;-20.691912;,
  -51.353824;39.213632;-20.784909;,
  19.400606;40.255322;-21.231699;,
  21.886408;38.351213;-19.942915;,
  19.400606;38.172022;-21.231718;,
  21.886408;40.076013;-19.942899;,
  23.527107;38.422618;-20.694315;,
  23.527107;40.004621;-20.694299;,
  50.033021;38.884515;-20.691910;,
  50.033021;39.542816;-20.691904;,
  52.265517;39.213715;-20.784909;,
  -2.463697;82.963610;-2.240355;,
  -3.127497;83.949210;-1.589954;,
  -1.497797;83.953011;-2.493054;,
  -1.426797;82.108403;-2.725856;,
  0.414303;83.358010;-2.912455;,
  0.483403;81.436608;-2.931957;,
  1.975503;82.905203;-2.784956;,
  0.883003;79.598106;-2.267060;,
  -1.983997;80.352704;-2.505859;,
  1.960003;82.042810;-2.797757;,
  -1.834998;78.961504;0.000039;,
  1.992503;81.340806;-2.724158;,
  -3.061898;79.585907;-1.228560;,
  2.367503;79.030810;-1.482061;,
  2.820503;78.120013;0.000037;,
  -3.059397;81.034906;-1.302158;,
  -2.463697;82.963610;-2.240355;,
  -3.824098;81.032800;0.000042;,
  -3.925798;81.981606;-0.924457;,
  -4.280998;82.554701;0.000044;,
  -3.374297;84.522509;0.000046;,
  3.372203;79.893408;-1.371560;,
  4.125403;79.311507;-0.756561;,
  4.597403;79.008307;0.000038;,
  2.524503;80.543712;-2.234959;,
  4.354803;80.138106;-0.745260;,
  4.805003;79.791808;0.000039;,
  4.676103;80.106912;0.000040;,
  4.823703;80.449312;0.000040;,
  2.615903;81.372506;-2.635957;,
  4.302403;80.534803;-0.644259;,
  2.864103;81.746112;-2.489857;,
  4.753103;80.559411;-0.461859;,
  5.191703;80.973402;0.000041;,
  4.019803;80.392710;-1.230359;,
  4.644903;81.215706;-0.273058;,
  4.908203;81.496909;0.000042;,
  4.227503;80.960205;-1.014759;,
  4.525803;81.555808;-0.512858;,
  4.745003;81.697907;-0.408658;,
  5.067103;82.053306;0.000043;,
  4.686803;82.106010;-1.026257;,
  4.112403;81.692909;-0.774358;,
  4.955204;82.602509;-1.072156;,
  5.104404;82.507411;0.000043;,
  4.320603;82.206912;-1.523857;,
  4.658703;83.232813;-1.066056;,
  4.809003;83.189408;0.000044;,
  4.705903;82.673805;-1.738556;,
  4.233204;83.845907;0.000045;,
  3.982003;82.435008;-2.317756;,
  3.957903;83.738304;-0.965055;,
  3.739503;82.032608;-2.301957;,
  3.118203;85.081907;-1.100053;,
  3.448403;85.108307;0.000047;,
  1.989203;86.393210;0.000049;,
  3.464503;83.551110;-2.074155;,
  1.813603;86.286010;-1.107351;,
  0.356703;87.123910;0.000050;,
  2.610103;84.364410;-2.219654;,
  2.204203;85.143008;-2.176953;,
  0.257603;86.978310;-1.045850;,
  -1.460897;87.058611;0.000050;,
  0.246603;86.085107;-2.186451;,
  -1.576997;86.629510;-1.169251;,
  -2.524697;86.376512;0.000049;,
  0.288103;85.101408;-2.553852;,
  -2.590397;85.398707;-1.461152;,
  -3.130497;85.388109;0.000048;,
  -3.374297;84.522509;0.000046;,
  -3.127497;83.949210;-1.589954;,
  -1.497797;83.953011;-2.493054;,
  -1.407497;85.093606;-2.258152;,
  0.314103;84.280410;-2.665554;,
  0.414303;83.358010;-2.912455;,
  1.889103;83.423808;-2.520455;,
  3.767003;83.302810;-2.202855;,
  3.661803;82.913408;-2.570956;,
  3.439003;82.341210;-2.707556;,
  3.329703;81.849005;-2.238657;,
  3.923003;82.028307;-1.551057;,
  3.373403;81.480013;-1.915058;,
  3.881403;81.464006;-1.027158;,
  3.540403;81.346304;-1.359358;,
  3.151303;81.201312;-2.400458;,
  3.980503;80.945203;-1.844358;,
  3.535603;80.354605;-1.707059;,
  -1.834998;78.961504;0.000039;,
  -3.160499;77.413203;0.000036;,
  -3.061898;79.585907;-1.228560;,
  -4.389199;77.834394;-1.811963;,
  -3.824098;81.032800;0.000042;,
  -5.284899;78.864800;0.000039;,
  -6.266999;76.414202;0.000035;,
  -4.751999;75.670304;-1.186366;,
  -6.254300;73.134694;0.000031;,
  -4.767300;72.765798;-1.900370;,
  -4.337700;69.141600;0.000025;,
  -3.529200;69.376294;-2.044874;,
  -2.294500;67.088998;-1.451878;,
  -3.193300;66.902003;0.000022;,
  -0.478699;68.247597;0.000024;,
  0.109801;65.463802;0.000020;,
  -1.443500;65.100800;-2.101681;,
  -2.765500;65.549894;0.000020;,
  -0.557500;63.352595;0.000017;,
  -1.641100;63.536998;-1.213583;,
  -2.859900;64.126195;0.000018;,
  -0.645000;61.499994;0.000014;,
  -2.207700;62.110400;-1.971684;,
  -3.930300;62.558496;0.000016;,
  -1.841994;60.061978;0.000012;,
  -2.795868;60.534336;-2.145287;,
  -4.055602;60.783866;0.000013;,
  -3.651336;59.320141;-1.485089;,
  -2.084900;57.815501;0.000003;,
  -6.080200;58.073504;0.000003;,
  -2.968700;57.527398;-1.394297;,
  -4.771700;58.467002;-2.040496;,
  -6.171000;57.872602;-3.083499;,
  -1.912000;55.946701;0.000000;,
  -5.164100;57.479898;-2.989000;,
  -5.811699;55.084000;-2.427500;,
  -2.279600;53.166198;-1.209700;,
  -1.159000;54.482202;0.000000;,
  0.192300;53.964698;0.000000;,
  -0.431000;52.244499;0.000000;,
  -3.879100;52.217802;0.000000;,
  -5.580100;53.701101;-2.312500;,
  -5.698000;52.019200;-1.305400;,
  -5.818699;51.296701;0.000000;,
  -5.101300;55.864000;-3.332900;,
  -7.006599;56.149901;-3.198600;,
  -7.340099;55.396198;-4.151199;,
  -4.620000;57.044602;-4.624800;,
  -6.384000;57.330701;-4.705999;,
  -4.480400;57.860198;-6.497399;,
  -4.904700;55.270502;-4.101699;,
  -6.390400;54.395002;-4.364299;,
  -5.464300;52.858502;-3.519800;,
  -2.076300;56.735802;-5.828800;,
  -2.212200;59.511603;-7.633799;,
  1.150700;59.244800;-7.422399;,
  -1.802900;54.317101;-4.474000;,
  -3.486500;50.675398;-1.531400;,
  1.509300;54.353101;-5.418700;,
  4.359900;57.789197;-6.908500;,
  5.717000;56.042899;-5.851000;,
  0.034900;51.353002;-3.343700;,
  -0.903700;49.593101;-2.083700;,
  -1.222100;48.224499;-0.736600;,
  0.845700;49.689200;-1.122700;,
  0.732700;49.115898;-0.233100;,
  2.860100;50.645600;-0.107200;,
  1.863500;51.370000;-2.275300;,
  3.732800;52.163699;-0.833000;,
  2.627800;51.824000;-1.951100;,
  1.645100;52.327501;-2.967000;,
  4.356000;53.833299;-3.552900;,
  5.687500;53.853402;-1.791200;,
  6.914899;55.919699;-4.491000;,
  7.209799;55.066797;-2.966100;,
  8.069499;56.388800;-4.096900;,
  8.256098;55.957901;-3.372300;,
  9.088599;57.244998;-3.751600;,
  -6.583000;52.550800;0.000000;,
  -5.698000;52.019200;-1.305400;,
  -5.818699;51.296701;0.000000;,
  -5.580100;53.701101;-2.312500;,
  -6.050300;53.748800;0.000000;,
  -6.834999;55.222202;-1.422700;,
  -5.811699;55.084000;-2.427500;,
  -5.101300;55.864000;-3.332900;,
  -7.520199;53.776998;0.000000;,
  -7.006599;56.149901;-3.198600;,
  -7.770699;54.420698;-0.702700;,
  -9.885998;52.505200;0.000000;,
  -8.288199;55.000096;0.000000;,
  -6.609200;56.385798;0.000000;,
  -6.171000;57.872602;-3.083499;,
  -6.080200;58.073504;0.000003;,
  -6.384000;57.330701;-4.705999;,
  -7.340099;55.396198;-4.151199;,
  -4.533700;57.228800;-7.439599;,
  -6.390400;54.395002;-4.364299;,
  -4.480400;57.860198;-6.497399;,
  -3.186700;53.627997;-5.791900;,
  -5.464300;52.858502;-3.519800;,
  -2.152000;59.043398;-8.467199;,
  -2.212200;59.511603;-7.633799;,
  -2.740000;55.783795;-7.138800;,
  1.134200;58.793798;-8.549499;,
  1.150700;59.244800;-7.422399;,
  4.359900;57.789197;-6.908500;,
  2.004200;55.587200;-6.899499;,
  4.289199;57.286298;-7.766499;,
  5.717000;56.042899;-5.851000;,
  5.535500;55.396000;-6.416900;,
  1.325500;53.288800;-5.699200;,
  4.869500;53.540598;-4.794100;,
  7.007199;55.147398;-4.902300;,
  6.914899;55.919699;-4.491000;,
  8.069499;56.388800;-4.096900;,
  8.280799;55.242899;-4.086400;,
  9.088599;57.244998;-3.751600;,
  8.256098;55.957901;-3.372300;,
  7.353899;53.948198;-3.313100;,
  7.209799;55.066797;-2.966100;,
  6.075200;52.726102;-2.022500;,
  5.687500;53.853402;-1.791200;,
  2.433000;51.672400;-3.238300;,
  3.427700;51.523299;-2.134400;,
  2.627800;51.824000;-1.951100;,
  3.977100;51.743101;-1.269800;,
  3.732800;52.163699;-0.833000;,
  1.863500;51.370000;-2.275300;,
  3.027300;50.165699;-0.613000;,
  2.860100;50.645600;-0.107200;,
  0.732700;49.115898;-0.233100;,
  0.034900;51.353002;-3.343700;,
  0.845700;49.689200;-1.122700;,
  0.864200;48.422499;-0.830800;,
  -1.222100;48.224499;-0.736600;,
  -1.149100;47.810902;-1.359700;,
  -0.903700;49.593101;-2.083700;,
  -3.486500;50.675398;-1.531400;,
  -3.486500;50.299802;-2.434600;,
  -5.264599;51.474701;-2.864700;,
  -3.647800;51.953603;-4.550099;,
  -2.501200;51.102106;-4.553599;,
  -2.244100;52.792902;-5.921198;,
  -0.417200;52.807101;-5.906399;,
  -1.454500;51.216710;-6.442000;,
  -0.655400;51.116506;-4.537100;,
  -13.536691;83.776595;-5.673553;,
  -14.553790;83.039891;-5.667154;,
  -13.450491;83.104691;-5.667654;,
  -15.862394;83.219597;-5.668654;,
  -15.764192;84.472192;-5.679652;,
  -18.066493;83.771194;-5.673553;,
  -18.066493;83.771194;-5.673553;,
  -18.003592;84.796301;-5.685452;,
  -20.129693;84.671802;-5.686552;,
  -20.178392;85.486803;-5.679450;,
  -18.137994;83.344390;-5.302054;,
  -18.437091;81.997792;-5.658055;,
  -16.045893;80.166694;-5.602958;,
  -15.999192;82.534394;-4.771454;,
  -15.862394;83.219597;-5.668654;,
  -14.553790;83.039891;-5.667154;,
  -13.348691;80.649690;-4.322857;,
  -13.119592;78.712493;-5.638660;,
  -11.757292;79.599693;-5.637158;,
  -13.330392;82.425491;-4.204554;,
  -13.450491;83.104691;-5.667654;,
  -12.837392;82.914195;-5.670454;,
  -12.740091;81.986387;-4.440755;,
  -12.181791;82.102298;-5.658955;,
  -12.262291;81.035296;-4.783856;,
  -11.576591;80.760589;-5.647257;,
  -2.028201;54.510317;-12.977694;,
  -2.375201;57.390726;-13.637890;,
