xof 0303txt 0032
template ColorRGBA {
 <35ff44e0-6c7c-11cf-8f52-0040333594a3>
 FLOAT red;
 FLOAT green;
 FLOAT blue;
 FLOAT alpha;
}

template ColorRGB {
 <d3e16e81-7835-11cf-8f52-0040333594a3>
 FLOAT red;
 FLOAT green;
 FLOAT blue;
}

template Material {
 <3d82ab4d-62da-11cf-ab39-0020af71e433>
 ColorRGBA faceColor;
 FLOAT power;
 ColorRGB specularColor;
 ColorRGB emissiveColor;
 [...]
}

template TextureFilename {
 <a42790e1-7810-11cf-8f52-0040333594a3>
 STRING filename;
}

template Frame {
 <3d82ab46-62da-11cf-ab39-0020af71e433>
 [...]
}

template Matrix4x4 {
 <f6f23f45-7686-11cf-8f52-0040333594a3>
 array FLOAT matrix[16];
}

template FrameTransformMatrix {
 <f6f23f41-7686-11cf-8f52-0040333594a3>
 Matrix4x4 frameMatrix;
}

template Vector {
 <3d82ab5e-62da-11cf-ab39-0020af71e433>
 FLOAT x;
 FLOAT y;
 FLOAT z;
}

template MeshFace {
 <3d82ab5f-62da-11cf-ab39-0020af71e433>
 DWORD nFaceVertexIndices;
 array DWORD faceVertexIndices[nFaceVertexIndices];
}

template Mesh {
 <3d82ab44-62da-11cf-ab39-0020af71e433>
 DWORD nVertices;
 array Vector vertices[nVertices];
 DWORD nFaces;
 array MeshFace faces[nFaces];
 [...]
}

template MeshNormals {
 <f6f23f43-7686-11cf-8f52-0040333594a3>
 DWORD nNormals;
 array Vector normals[nNormals];
 DWORD nFaceNormals;
 array MeshFace faceNormals[nFaceNormals];
}

template MeshMaterialList {
 <f6f23f42-7686-11cf-8f52-0040333594a3>
 DWORD nMaterials;
 DWORD nFaceIndexes;
 array DWORD faceIndexes[nFaceIndexes];
 [Material <3d82ab4d-62da-11cf-ab39-0020af71e433>]
}

template Coords2d {
 <f6f23f44-7686-11cf-8f52-0040333594a3>
 FLOAT u;
 FLOAT v;
}

template MeshTextureCoords {
 <f6f23f40-7686-11cf-8f52-0040333594a3>
 DWORD nTextureCoords;
 array Coords2d textureCoords[nTextureCoords];
}

template XSkinMeshHeader {
 <3cf169ce-ff7c-44ab-93c0-f78f62d172e2>
 WORD nMaxSkinWeightsPerVertex;
 WORD nMaxSkinWeightsPerFace;
 WORD nBones;
}

template SkinWeights {
 <6f0d123b-bad2-4167-a0d0-80224f25fabb>
 STRING transformNodeName;
 DWORD nWeights;
 array DWORD vertexIndices[nWeights];
 array FLOAT weights[nWeights];
 Matrix4x4 matrixOffset;
}

template AnimTicksPerSecond {
 <9e415a43-7ba6-4a73-8743-b73d47e88476>
 DWORD AnimTicksPerSecond;
}

template Animation {
 <3d82ab4f-62da-11cf-ab39-0020af71e433>
 [...]
}

template AnimationSet {
 <3d82ab50-62da-11cf-ab39-0020af71e433>
 [Animation <3d82ab4f-62da-11cf-ab39-0020af71e433>]
}

template FloatKeys {
 <10dd46a9-775b-11cf-8f52-0040333594a3>
 DWORD nValues;
 array FLOAT values[nValues];
}

template TimedFloatKeys {
 <f406b180-7b3b-11cf-8f52-0040333594a3>
 DWORD time;
 FloatKeys tfkeys;
}

template AnimationKey {
 <10dd46a8-775b-11cf-8f52-0040333594a3>
 DWORD keyType;
 DWORD nKeys;
 array TimedFloatKeys keys[nKeys];
}


Material m_dullahanwarrior01 {
 1.000000;1.000000;1.000000;1.000000;;
 10.000000;
 0.000000;0.000000;0.000000;;
 0.000000;0.000000;0.000000;;

 TextureFilename {
  "t_dullahanwarrior01_df.tga";
 }
}

Frame bip001 {
 

 FrameTransformMatrix {
  -0.814115,0.000000,-0.580704,0.000000,0.000000,1.000000,-0.000000,0.000000,0.580704,-0.000000,-0.814115,0.000000,-0.000000,74.229594,-0.759061,1.000000;;
 }

 Frame bip001-pelvis {
  

  FrameTransformMatrix {
   -0.000001,1.000000,0.000001,0.000000,-0.000001,-0.000001,1.000000,0.000000,1.000000,0.000001,0.000001,0.000000,0.000000,0.000000,0.000000,1.000000;;
  }

  Frame bip001-spine {
   

   FrameTransformMatrix {
    0.979764,0.091928,0.177799,0.000000,-0.100370,0.994183,0.039067,0.000000,-0.173174,-0.056122,0.983291,0.000000,18.545136,0.000837,-0.530006,1.000000;;
   }

   Frame bip001-spine1 {
    

    FrameTransformMatrix {
     0.953661,0.150600,0.260483,0.000000,-0.156575,0.987664,0.002214,0.000000,-0.256936,-0.042897,0.965476,0.000000,18.393914,0.001048,-0.023613,1.000000;;
    }

    Frame bip001-neck {
     

     FrameTransformMatrix {
      1.000000,-0.000000,0.000000,0.000000,-0.000000,1.000000,0.000000,0.000000,-0.000000,-0.000000,1.000000,0.000000,20.450341,0.000000,-0.945335,1.000000;;
     }

     Frame bip001-l-clavicle {
      

      FrameTransformMatrix {
       -0.230626,0.973042,0.000234,0.000000,0.973042,0.230626,-0.000818,0.000000,-0.000849,0.000039,-1.000000,0.000000,-5.156059,12.518631,-4.219028,1.000000;;
      }

      Frame bip001-l-upperarm {
       

       FrameTransformMatrix {
        0.341178,-0.554466,-0.759055,0.000000,0.461623,0.802257,-0.378534,0.000000,0.818842,-0.221250,0.529667,0.000000,12.643375,-0.000008,0.000000,1.000000;;
       }

       Frame bip001-l-forearm {
        

        FrameTransformMatrix {
         0.638437,-0.000000,-0.769674,0.000000,0.000000,1.000000,-0.000000,0.000000,0.769674,0.000000,0.638437,0.000000,22.676338,0.000000,-0.000006,1.000000;;
        }

        Frame bip001-l-hand {
         

         FrameTransformMatrix {
          0.633913,-0.730164,-0.254981,0.000000,0.043017,-0.295889,0.954253,0.000000,-0.772207,-0.615882,-0.156159,0.000000,32.715949,0.000004,-0.000008,1.000000;;
         }

         Frame bip001-l-finger0 {
          

          FrameTransformMatrix {
           0.887064,0.307647,0.344197,0.000000,0.432106,-0.290894,-0.853619,0.000000,-0.162489,0.905944,-0.390977,0.000000,11.185987,-7.870224,8.205776,1.000000;;
          }
         }

         Frame bip001-l-finger1 {
          

          FrameTransformMatrix {
           -0.713517,-0.170504,0.679575,0.000000,-0.120254,0.985346,0.120962,0.000000,-0.690241,0.004587,-0.723565,0.000000,18.700747,0.467537,4.204710,1.000000;;
          }
         }
        }
       }
      }
     }

     Frame bip001-r-clavicle {
      

      FrameTransformMatrix {
       -0.020891,-0.993169,0.114801,0.000000,-0.999782,0.020843,-0.001612,0.000000,-0.000792,-0.114809,-0.993388,0.000000,-5.156074,-12.518666,-4.218952,1.000000;;
      }

      Frame bip001-r-upperarm {
       

       FrameTransformMatrix {
        0.181007,0.940668,-0.287018,0.000000,-0.869234,0.289539,0.400749,0.000000,0.460074,0.176948,0.870070,0.000000,12.643379,-0.000008,0.000000,1.000000;;
       }

       Frame bip001-r-forearm {
        

        FrameTransformMatrix {
         -0.036528,-0.000000,-0.999333,0.000000,-0.000000,1.000000,-0.000000,0.000000,0.999333,0.000000,-0.036528,0.000000,22.676323,0.000000,0.000004,1.000000;;
        }

        Frame bip001-r-hand {
         

         FrameTransformMatrix {
          0.988667,-0.150094,0.003194,0.000000,-0.033017,-0.238135,-0.970671,0.000000,0.146452,0.959564,-0.240391,0.000000,32.715965,0.000008,-0.000008,1.000000;;
         }

         Frame bip001-r-finger0 {
          

          FrameTransformMatrix {
           0.509272,-0.844065,0.167914,0.000000,-0.525619,-0.150569,0.837290,0.000000,-0.681445,-0.514667,-0.520337,0.000000,11.185982,7.870232,8.205772,1.000000;;
          }
         }

         Frame bip001-r-finger1 {
          

          FrameTransformMatrix {
           -0.709366,0.170529,0.683901,0.000000,0.120254,0.985346,-0.120962,0.000000,-0.694507,-0.003565,-0.719478,0.000000,18.700750,-0.467537,4.204712,1.000000;;
          }
         }

         Frame hand_r {
          

          FrameTransformMatrix {
           0.942474,-0.091148,0.321613,0.000000,0.300018,-0.193642,-0.934073,0.000000,0.147416,0.976829,-0.155156,0.000000,22.193998,54.864160,-3.290701,1.000000;;
          }
         }
        }
       }
      }
     }

     Frame bip001-head {
      

      FrameTransformMatrix {
       0.836457,-0.335069,-0.433668,0.000000,-0.203503,0.544834,-0.813476,0.000000,0.508847,0.768690,0.387543,0.000000,6.392479,0.000000,0.000721,1.000000;;
      }
     }
    }

    Frame cape_bone_01 {
     

     FrameTransformMatrix {
      -0.978161,0.004632,-0.207799,0.000000,-0.032419,-0.990916,0.130515,0.000000,-0.205307,0.134401,0.969425,0.000000,22.997277,-0.000011,-15.973576,1.000000;;
     }

     Frame cape_bone_02 {
      

      FrameTransformMatrix {
       0.999845,-0.012726,-0.012212,0.000000,0.012727,0.999919,0.000017,0.000000,0.012210,-0.000172,0.999925,0.000000,27.438234,0.000002,0.000008,1.000000;;
      }

      Frame cape_bone_03 {
       

       FrameTransformMatrix {
        0.997727,-0.059602,-0.031441,0.000000,0.059574,0.998222,-0.001827,0.000000,0.031494,-0.000050,0.999504,0.000000,41.412416,0.000001,0.000000,1.000000;;
       }

       Frame cape_bone_04 {
        

        FrameTransformMatrix {
         0.987917,-0.077236,0.134365,0.000000,0.076537,0.997013,0.010372,0.000000,-0.134765,0.000038,0.990878,0.000000,31.959053,-0.000007,-0.000008,1.000000;;
        }
       }
      }
     }
    }
   }

   Frame bip001-l-thigh {
    

    FrameTransformMatrix {
     -0.329266,0.817596,0.472356,0.000000,-0.275782,-0.561709,0.780018,0.000000,0.903066,0.126566,0.410430,0.000000,-17.047181,13.004533,3.104837,1.000000;;
    }

    Frame bip001-l-calf {
     

     FrameTransformMatrix {
      0.197846,0.000000,-0.980233,0.000000,-0.000000,1.000000,-0.000000,0.000000,0.980233,0.000000,0.197846,0.000000,50.219146,0.000000,-0.000019,1.000000;;
     }

     Frame bip001-l-foot {
      

      FrameTransformMatrix {
       0.881425,0.348898,0.318372,0.000000,-0.320885,0.936951,-0.138407,0.000000,-0.346589,0.019834,0.937808,0.000000,43.809853,-0.000004,0.000000,1.000000;;
      }

      Frame bip001-l-toe0 {
       

       FrameTransformMatrix {
        0.000002,-0.095840,0.995397,0.000000,-0.000002,0.995397,0.095840,0.000000,-1.000000,-0.000002,0.000001,0.000000,9.292671,0.000023,14.393982,1.000000;;
       }
      }
     }
    }
   }

   Frame bip001-r-thigh {
    

    FrameTransformMatrix {
     -0.624967,-0.621861,0.471916,0.000000,0.418098,-0.777140,-0.470370,0.000000,0.659250,-0.096659,0.745685,0.000000,-19.104218,-9.242022,4.360620,1.000000;;
    }

    Frame bip001-r-calf {
     

     FrameTransformMatrix {
      0.351793,0.000000,-0.936078,0.000000,0.000000,1.000000,-0.000000,0.000000,0.936078,0.000000,0.351793,0.000000,50.219139,0.000000,0.000000,1.000000;;
     }

     Frame bip001-r-foot {
      

      FrameTransformMatrix {
       0.715028,-0.569093,0.406039,0.000000,0.423843,0.814779,0.395591,0.000000,-0.555961,-0.110762,0.823796,0.000000,43.809866,0.000008,-0.000002,1.000000;;
      }

      Frame bip001-r-toe0 {
       

       FrameTransformMatrix {
        -0.000000,0.006831,0.999977,0.000000,-0.000000,0.999977,-0.006831,0.000000,-1.000000,-0.000000,-0.000000,0.000000,9.292655,-0.667969,14.378485,1.000000;;
       }
      }
     }
    }
   }
  }

  Frame skirt_f_bone_01 {
   

   FrameTransformMatrix {
    -0.957557,0.004706,0.288207,0.000000,-0.040328,-0.992220,-0.117787,0.000000,0.285411,-0.124411,0.950296,0.000000,8.737808,-0.000040,16.834198,1.000000;;
   }
  }

  Frame skirt_l_bone_01 {
   

   FrameTransformMatrix {
    -0.629893,0.766898,-0.122892,0.000000,0.448076,0.488056,0.749019,0.000000,0.634399,0.416737,-0.651052,0.000000,7.222023,17.249789,-0.758992,1.000000;;
   }
  }

  Frame skirt_r_bone_01 {
   

   FrameTransformMatrix {
    -0.676010,-0.715622,-0.175771,0.000000,0.079732,-0.308162,0.947986,0.000000,-0.732567,0.626834,0.265379,0.000000,7.222054,-17.249982,-0.759089,1.000000;;
   }
  }

  Frame skirt_b_bone_01 {
   

   FrameTransformMatrix {
    -0.982338,0.000000,-0.187115,0.000000,0.000000,-1.000000,-0.000003,0.000000,-0.187115,-0.000003,0.982338,0.000000,7.925239,0.000054,-16.059693,1.000000;;
   }
  }
 }
}

Frame dullahanwarrior01 {
 

 FrameTransformMatrix {
  1.000000,0.000000,0.000000,0.000000,0.000000,1.000000,0.000000,0.000000,0.000000,0.000000,1.000000,0.000000,0.000000,0.000000,0.000000,1.000000;;
 }

 Mesh dullahanwarrior01 {
  8487;
  12.192418;86.286336;-17.887203;,
  3.309749;86.316717;-23.520510;,
  11.261000;89.769114;-17.907779;,
  3.309749;86.316717;-23.520510;,
  12.192418;86.286336;-17.887203;,
  4.152264;73.732941;-25.893894;,
  9.677982;119.969587;-11.883282;,
  11.627942;123.713139;-9.147421;,
  12.236913;119.123494;-13.231786;,
  2.419099;92.281882;-22.544387;,
  0.000000;90.639693;-23.512840;,
  0.000000;100.517715;-21.156794;,
  2.419099;92.281882;-22.544387;,
  11.261000;89.769114;-17.907779;,
  3.309749;86.316717;-23.520510;,
  11.261000;89.769114;-17.907779;,
  2.419099;92.281882;-22.544387;,
  10.850274;94.554163;-17.483984;,
  0.000000;100.517715;-21.156794;,
  7.964754;112.082854;-16.743437;,
  9.029819;103.463898;-17.120531;,
  2.061491;89.241107;21.096818;,
  15.045467;84.804794;16.068043;,
  13.736098;92.371667;15.913925;,
  15.045467;84.804794;16.068043;,
  2.061491;89.241107;21.096818;,
  9.428870;77.994669;20.101861;,
  9.029819;103.463898;-17.120531;,
  2.419099;92.281882;-22.544387;,
  0.000000;100.517715;-21.156794;,
  14.577510;113.236250;-13.636054;,
  12.236913;119.123494;-13.231786;,
  15.449845;119.549350;-11.040707;,
  9.677982;119.969587;-11.883282;,
  12.236913;119.123494;-13.231786;,
  6.529413;116.828890;-15.871261;,
  0.000000;117.640602;-18.951326;,
  7.964754;112.082854;-16.743437;,
  0.000000;111.575949;-19.492208;,
  7.964754;112.082854;-16.743437;,
  0.000000;117.640602;-18.951326;,
  6.529413;116.828890;-15.871261;,
  10.850274;94.554163;-17.483984;,
  9.029819;103.463898;-17.120531;,
  11.181774;99.787277;-17.093366;,
  9.029819;103.463898;-17.120531;,
  14.577510;113.236250;-13.636054;,
  14.836349;104.769984;-15.277712;,
  3.528665;120.420390;13.568184;,
  8.236720;117.551424;14.618997;,
  8.186278;120.759974;12.329156;,
  12.236913;119.123494;-13.231786;,
  11.627942;123.713139;-9.147421;,
  15.449845;119.549350;-11.040707;,
  0.000000;117.640602;-18.951326;,
  0.000000;117.927629;-16.260290;,
  6.529413;116.828890;-15.871261;,
  15.784718;119.274099;-6.141182;,
  14.577510;113.236250;-13.636054;,
  13.685829;118.390259;-7.296036;,
  14.577510;113.236250;-13.636054;,
  15.784718;119.274099;-6.141182;,
  21.217232;112.678554;-7.394785;,
  24.726618;110.422106;-0.383730;,
  21.217232;112.678554;-7.394785;,
  21.971485;115.918874;-0.442586;,
  14.577510;113.236250;-13.636054;,
  24.892429;101.754106;-8.912058;,
  14.836349;104.769984;-15.277712;,
  24.892429;101.754106;-8.912058;,
  24.726618;110.422106;-0.383730;,
  27.304733;100.954733;-0.511756;,
  14.577510;113.236250;-13.636054;,
  15.449845;119.549350;-11.040707;,
  13.685829;118.390259;-7.296036;,
  15.784718;119.274099;-6.141182;,
  21.971485;115.918874;-0.442586;,
  21.217232;112.678554;-7.394785;,
  18.348022;121.157594;-2.560226;,
  16.816965;118.806541;-3.548622;,
  14.916150;118.796019;-3.081592;,
  30.815440;90.110202;-0.587823;,
  24.892429;101.754106;-8.912058;,
  27.304733;100.954733;-0.511756;,
  24.892429;101.754106;-8.912058;,
  30.815440;90.110202;-0.587823;,
  26.860534;92.483469;-10.111585;,
  18.092920;116.745958;7.011104;,
  16.007280;119.263347;6.521307;,
  14.655920;116.169523;12.261914;,
  14.655920;116.169523;12.261914;,
  21.062554;111.176717;7.927503;,
  18.092920;116.745958;7.011104;,
  21.062554;111.176717;7.927503;,
  21.971485;115.918874;-0.442586;,
  18.092920;116.745958;7.011104;,
  24.581242;101.992800;8.377370;,
  15.328624;110.924518;12.599834;,
  17.052147;102.650464;13.615851;,
  13.429168;120.903782;10.445554;,
  10.348572;119.064883;10.760390;,
  14.655920;116.169523;12.261914;,
  10.348572;119.064883;10.760390;,
  13.429168;120.903782;10.445554;,
  9.919306;121.106906;9.688652;,
  12.701198;122.133798;5.544390;,
  14.655920;116.169523;12.261914;,
  13.775850;119.411853;6.995386;,
  14.655920;116.169523;12.261914;,
  12.701198;122.133798;5.544390;,
  13.429168;120.903782;10.445554;,
  13.429168;120.903782;10.445554;,
  12.701198;122.133798;5.544390;,
  10.110728;124.872307;6.923700;,
  16.485709;119.021850;2.566522;,
  18.092920;116.745958;7.011104;,
  21.971485;115.918874;-0.442586;,
  18.092920;116.745958;7.011104;,
  16.485709;119.021850;2.566522;,
  16.007280;119.263347;6.521307;,
  18.392218;120.955469;1.575918;,
  16.485216;120.960218;-0.483956;,
  16.485709;119.021850;2.566522;,
  22.159010;120.797146;-0.570828;,
  16.485709;119.021850;2.566522;,
  21.971485;115.918874;-0.442586;,
  16.485709;119.021850;2.566522;,
  22.159010;120.797146;-0.570828;,
  18.392218;120.955469;1.575918;,
  3.528665;120.420390;13.568184;,
  8.186278;120.759974;12.329156;,
  5.663340;120.560205;10.741826;,
  27.304733;100.954733;-0.511756;,
  26.716173;92.882208;9.112230;,
  30.815440;90.110202;-0.587823;,
  26.716173;92.882208;9.112230;,
  27.304733;100.954733;-0.511756;,
  24.581242;101.992800;8.377370;,
  24.581242;101.992800;8.377370;,
  17.052147;102.650464;13.615851;,
  18.311720;96.368608;14.051706;,
  17.076773;95.711290;14.944338;,
  18.311720;96.368608;14.051706;,
  17.052147;102.650464;13.615851;,
  28.936627;85.607763;9.912854;,
  30.815440;90.110202;-0.587823;,
  26.716173;92.882208;9.112230;,
  30.815440;90.110202;-0.587823;,
  28.936627;85.607763;9.912854;,
  36.257725;77.180115;-1.057138;,
  16.485216;120.960218;-0.483956;,
  17.181034;126.621632;-0.629298;,
  18.348022;121.157594;-2.560226;,
  22.159010;120.797146;-0.570828;,
  17.181034;126.621632;-0.629298;,
  18.392218;120.955469;1.575918;,
  15.449845;119.549350;-11.040707;,
  11.627942;123.713139;-9.147421;,
  12.795075;120.352883;-7.888099;,
  13.429168;120.903782;10.445554;,
  10.110728;124.872307;6.923700;,
  9.919306;121.106906;9.688652;,
  13.431918;98.939162;-16.699458;,
  18.225462;95.327475;-15.146670;,
  16.223698;93.406541;-15.990176;,
  18.225462;95.327475;-15.146670;,
  13.431918;98.939162;-16.699458;,
  14.836349;104.769984;-15.277712;,
  24.581242;101.992800;8.377370;,
  18.311720;96.368608;14.051706;,
  26.716173;92.882208;9.112230;,
  17.052147;102.650464;13.615851;,
  12.659520;98.145965;15.697909;,
  17.076773;95.711290;14.944338;,
  12.659520;98.145965;15.697909;,
  17.052147;102.650464;13.615851;,
  11.296118;101.893242;15.909547;,
  24.892429;101.754106;-8.912058;,
  18.225462;95.327475;-15.146670;,
  14.836349;104.769984;-15.277712;,
  26.860534;92.483469;-10.111585;,
  18.225462;95.327475;-15.146670;,
  24.892429;101.754106;-8.912058;,
  26.716173;92.882208;9.112230;,
  20.507987;88.018285;14.960341;,
  28.936627;85.607763;9.912854;,
  20.507987;88.018285;14.960341;,
  26.716173;92.882208;9.112230;,
  18.311720;96.368608;14.051706;,
  18.348022;121.157594;-2.560226;,
  14.916150;118.796019;-3.081592;,
  16.485216;120.960218;-0.483956;,
  13.775850;119.411853;6.995386;,
  16.485709;119.021850;2.566522;,
  15.176267;119.083174;1.803543;,
  16.485709;119.021850;2.566522;,
  13.775850;119.411853;6.995386;,
  16.007280;119.263347;6.521307;,
  10.348572;119.064883;10.760390;,
  5.663340;120.560205;10.741826;,
  8.186278;120.759974;12.329156;,
  16.485709;119.021850;2.566522;,
  16.485216;120.960218;-0.483956;,
  15.176267;119.083174;1.803543;,
  3.528665;120.420390;13.568184;,
  0.000000;118.762022;12.592926;,
  0.000000;118.766579;14.958626;,
  0.000000;118.762022;12.592926;,
  3.528665;120.420390;13.568184;,
  5.663340;120.560205;10.741826;,
  14.836349;104.769984;-15.277712;,
  11.181774;99.787277;-17.093366;,
  9.029819;103.463898;-17.120531;,
  11.181774;99.787277;-17.093366;,
  14.836349;104.769984;-15.277712;,
  13.431918;98.939162;-16.699458;,
  14.655920;116.169523;12.261914;,
  9.130428;111.018637;15.797566;,
  15.328624;110.924518;12.599834;,
  9.130428;111.018637;15.797566;,
  14.655920;116.169523;12.261914;,
  8.236720;117.551424;14.618997;,
  8.186278;120.759974;12.329156;,
  8.236720;117.551424;14.618997;,
  14.655920;116.169523;12.261914;,
  9.130428;111.018637;15.797566;,
  17.052147;102.650464;13.615851;,
  15.328624;110.924518;12.599834;,
  17.052147;102.650464;13.615851;,
  9.130428;111.018637;15.797566;,
  11.296118;101.893242;15.909547;,
  6.157800;156.972992;19.195230;,
  14.129184;162.836736;11.031637;,
  6.483460;162.700659;16.691922;,
  14.129184;162.836736;11.031637;,
  6.157800;156.972992;19.195230;,
  13.773494;157.087424;13.784845;,
  15.720859;128.353754;-2.053803;,
  13.480974;132.261286;-8.171718;,
  15.240272;132.801792;-1.608993;,
  13.480974;132.261286;-8.171718;,
  15.720859;128.353754;-2.053803;,
  12.794998;127.649037;-8.414879;,
  15.240272;132.801792;-1.608993;,
  15.667069;127.735680;2.471625;,
  15.720859;128.353754;-2.053803;,
  15.667069;127.735680;2.471625;,
  15.240272;132.801792;-1.608993;,
  15.128974;131.896896;4.369448;,
  16.909866;132.348723;5.177109;,
  17.253278;137.293773;0.321478;,
  17.597160;137.024845;5.396387;,
  18.706741;143.558003;1.872282;,
  19.347010;140.301798;5.801624;,
  18.790642;140.217997;1.191464;,
  19.347010;140.301798;5.801624;,
  18.706741;143.558003;1.872282;,
  19.740819;142.926413;6.137806;,
  15.055800;144.495744;-13.641827;,
  17.675824;141.248282;-5.197432;,
  14.414198;138.280435;-9.375146;,
  13.714032;132.098650;9.179571;,
  9.154543;124.792422;9.004468;,
  12.655536;126.607501;7.292758;,
  9.154543;124.792422;9.004468;,
  13.714032;132.098650;9.179571;,
  7.563620;131.734400;12.036822;,
  10.463814;138.990246;-14.838942;,
  4.679662;140.553741;-18.747216;,
  10.555948;142.644083;-16.639042;,
  11.895895;156.535002;-9.828443;,
  12.288828;150.180710;-13.686680;,
  6.644313;154.071322;-13.982408;,
  12.288828;150.180710;-13.686680;,
  11.895895;156.535002;-9.828443;,
  16.206474;152.441869;-10.693399;,
  17.136240;145.360461;-8.590636;,
  15.055800;144.495744;-13.641827;,
  17.938085;150.124416;-8.947423;,
  10.555948;142.644083;-16.639042;,
  1.577504;146.809267;-18.555965;,
  6.053613;149.552051;-16.662400;,
  1.577504;146.809267;-18.555965;,
  10.555948;142.644083;-16.639042;,
  4.679662;140.553741;-18.747216;,
  15.240272;132.801792;-1.608993;,
  13.480974;132.261286;-8.171718;,
  16.746317;133.959731;-0.862021;,
  16.438109;152.280256;14.155744;,
  12.930069;145.260915;15.084466;,
  17.704019;145.962778;12.081579;,
  12.930069;145.260915;15.084466;,
  16.438109;152.280256;14.155744;,
  12.652654;151.345357;15.880760;,
  16.206474;152.441869;-10.693399;,
  11.895895;156.535002;-9.828443;,
  16.554568;157.065024;-6.307005;,
  18.765218;144.283290;-1.459737;,
  18.790642;140.217997;1.191464;,
  17.675824;141.248282;-5.197432;,
  18.790642;140.217997;1.191464;,
  18.765218;144.283290;-1.459737;,
  18.706741;143.558003;1.872282;,
  19.740819;142.926413;6.137806;,
  18.462030;141.973146;9.651762;,
  19.347010;140.301798;5.801624;,
  18.462030;141.973146;9.651762;,
  19.740819;142.926413;6.137806;,
  19.828037;143.794048;8.874283;,
  12.655536;126.607501;7.292758;,
  15.128974;131.896896;4.369448;,
  13.714032;132.098650;9.179571;,
  15.128974;131.896896;4.369448;,
  12.655536;126.607501;7.292758;,
  15.667069;127.735680;2.471625;,
  19.828037;143.794048;8.874283;,
  17.704019;145.962778;12.081579;,
  18.462030;141.973146;9.651762;,
  17.704019;145.962778;12.081579;,
  19.828037;143.794048;8.874283;,
  20.434662;146.249869;10.810287;,
  14.129184;162.836736;11.031637;,
  10.039239;166.049062;12.720167;,
  6.483460;162.700659;16.691922;,
  10.039239;166.049062;12.720167;,
  14.129184;162.836736;11.031637;,
  13.730960;164.727936;9.780398;,
  17.772914;163.611021;2.931420;,
  17.534960;160.777075;10.577986;,
  18.429995;162.878131;3.889902;,
  17.534960;160.777075;10.577986;,
  17.772914;163.611021;2.931420;,
  14.129184;162.836736;11.031637;,
  4.461175;129.882739;-14.897656;,
  9.242025;123.650304;-11.661884;,
  4.411145;120.962573;-15.059205;,
  9.242025;123.650304;-11.661884;,
  4.461175;129.882739;-14.897656;,
  9.032787;131.076800;-12.477395;,
  4.411145;120.962573;-15.059205;,
  0.000000;129.222835;-15.965309;,
  4.461175;129.882739;-14.897656;,
  0.000000;129.222835;-15.965309;,
  4.411145;120.962573;-15.059205;,
  0.000000;120.359795;-15.846122;,
  4.679662;140.553741;-18.747216;,
  0.000000;129.222835;-15.965309;,
  0.000000;140.424448;-19.359085;,
  0.000000;129.222835;-15.965309;,
  4.679662;140.553741;-18.747216;,
  4.461175;129.882739;-14.897656;,
  12.288828;150.180710;-13.686680;,
  10.555948;142.644083;-16.639042;,
  6.053613;149.552051;-16.662400;,
  10.555948;142.644083;-16.639042;,
  12.288828;150.180710;-13.686680;,
  15.055800;144.495744;-13.641827;,
  12.794998;127.649037;-8.414879;,
  9.032787;131.076800;-12.477395;,
  13.480974;132.261286;-8.171718;,
  9.032787;131.076800;-12.477395;,
  4.679662;140.553741;-18.747216;,
  10.463814;138.990246;-14.838942;,
  6.483460;162.700659;16.691922;,
  10.039239;166.049062;12.720167;,
  4.885639;167.533568;14.819112;,
  18.790642;140.217997;1.191464;,
  17.597160;137.024845;5.396387;,
  17.253278;137.293773;0.321478;,
  17.597160;137.024845;5.396387;,
  18.790642;140.217997;1.191464;,
  19.347010;140.301798;5.801624;,
  7.207825;137.899661;14.326498;,
  12.930069;145.260915;15.084466;,
  6.716207;146.418458;17.490248;,
  12.930069;145.260915;15.084466;,
  7.207825;137.899661;14.326498;,
  15.922832;138.579072;11.449824;,
  13.773494;157.087424;13.784845;,
  6.157800;156.972992;19.195230;,
  12.652654;151.345357;15.880760;,
  17.704019;145.962778;12.081579;,
  19.795022;147.785754;12.243270;,
  16.438109;152.280256;14.155744;,
  19.795022;147.785754;12.243270;,
  17.704019;145.962778;12.081579;,
  20.434662;146.249869;10.810287;,
  17.675824;141.248282;-5.197432;,
  17.253278;137.293773;0.321478;,
  14.414198;138.280435;-9.375146;,
  17.253278;137.293773;0.321478;,
  17.675824;141.248282;-5.197432;,
  18.790642;140.217997;1.191464;,
  12.652654;151.345357;15.880760;,
  6.716207;146.418458;17.490248;,
  12.930069;145.260915;15.084466;,
  13.494786;126.541222;-1.736213;,
  15.667069;127.735680;2.471625;,
  12.428138;126.129971;4.043780;,
  5.390509;125.206566;10.787821;,
  9.154543;124.792422;9.004468;,
  7.563620;131.734400;12.036822;,
  0.000000;130.723034;13.977715;,
  5.390509;125.206566;10.787821;,
  7.563620;131.734400;12.036822;,
  12.428138;126.129971;4.043780;,
  12.655536;126.607501;7.292758;,
  10.110728;124.872307;6.923700;,
  13.724523;122.974016;-1.695973;,
  12.201792;126.585856;-6.409364;,
  13.494786;126.541222;-1.736213;,
  12.701198;122.133798;5.544390;,
  13.494786;126.541222;-1.736213;,
  12.428138;126.129971;4.043780;,
  6.529413;116.828890;-15.871261;,
  0.000000;120.359795;-15.846122;,
  4.411145;120.962573;-15.059205;,
  0.000000;120.359795;-15.846122;,
  6.529413;116.828890;-15.871261;,
  0.000000;117.927629;-16.260290;,
  5.663340;120.560205;10.741826;,
  0.000000;124.491930;12.559980;,
  0.000000;118.762022;12.592926;,
  9.242025;123.650304;-11.661884;,
  12.201792;126.585856;-6.409364;,
  11.627942;123.713139;-9.147421;,
  5.663340;120.560205;10.741826;,
  9.154543;124.792422;9.004468;,
  5.390509;125.206566;10.787821;,
  9.154543;124.792422;9.004468;,
  5.663340;120.560205;10.741826;,
  9.919306;121.106906;9.688652;,
  13.773494;157.087424;13.784845;,
  17.534960;160.777075;10.577986;,
  14.129184;162.836736;11.031637;,
  17.534960;160.777075;10.577986;,
  13.773494;157.087424;13.784845;,
  16.623414;156.651213;13.212136;,
  14.495651;119.251878;-5.805735;,
  13.724523;122.974016;-1.695973;,
  14.916150;118.796019;-3.081592;,
  13.724523;122.974016;-1.695973;,
  14.495651;119.251878;-5.805735;,
  12.999717;123.183680;-6.644103;,
  4.411145;120.962573;-15.059205;,
  9.677982;119.969587;-11.883282;,
  6.529413;116.828890;-15.871261;,
  9.677982;119.969587;-11.883282;,
  4.411145;120.962573;-15.059205;,
  9.242025;123.650304;-11.661884;,
  6.157800;156.972992;19.195230;,
  0.000000;162.913280;18.169128;,
  0.000000;156.850445;19.682682;,
  0.000000;137.624666;15.761278;,
  6.716207;146.418458;17.490248;,
  0.000000;146.153101;17.965254;,
  6.716207;146.418458;17.490248;,
  0.000000;137.624666;15.761278;,
  7.207825;137.899661;14.326498;,
  0.000000;146.153101;17.965254;,
  6.157800;156.972992;19.195230;,
  0.000000;156.850445;19.682682;,
  0.000000;162.913280;18.169128;,
  4.885639;167.533568;14.819112;,
  0.000000;168.578445;15.206464;,
  9.860427;162.209536;1.117368;,
  4.506735;156.558528;-6.298860;,
  0.000000;155.799142;3.219508;,
  0.000000;164.104998;11.188746;,
  0.000000;168.578445;15.206464;,
  4.885639;167.533568;14.819112;,
  7.274502;163.168269;9.605246;,
  9.860427;162.209536;1.117368;,
  0.000000;155.799142;3.219508;,
  9.860427;162.209536;1.117368;,
  7.274502;163.168269;9.605246;,
  9.982342;165.824832;7.718129;,
  17.772914;163.611021;2.931420;,
  15.954427;165.086246;-4.311549;,
  18.290720;167.494643;3.877210;,
  15.954427;165.086246;-4.311549;,
  17.772914;163.611021;2.931420;,
  16.265000;160.761075;-2.568037;,
  12.709683;173.822912;4.488731;,
  15.954427;165.086246;-4.311549;,
  11.495769;167.895808;-4.243440;,
  0.000000;157.959360;-16.049507;,
  3.984441;161.884531;-12.583832;,
  3.761697;157.913280;-14.274541;,
  3.984441;161.884531;-12.583832;,
  0.000000;157.959360;-16.049507;,
  0.000000;163.274586;-13.096053;,
  14.956149;177.070349;16.011853;,
  15.000688;167.888883;15.520880;,
  17.458370;171.929510;11.431369;,
  15.000688;167.888883;15.520880;,
  14.956149;177.070349;16.011853;,
  12.761255;173.368179;19.553664;,
  12.709683;173.822912;4.488731;,
  14.956149;177.070349;16.011853;,
  17.458370;171.929510;11.431369;,
  14.956149;177.070349;16.011853;,
  12.709683;173.822912;4.488731;,
  11.452225;179.630579;11.508529;,
  9.860427;162.209536;1.117368;,
  12.709683;173.822912;4.488731;,
  11.495769;167.895808;-4.243440;,
  9.860427;162.209536;1.117368;,
  8.413907;165.009907;-9.118834;,
  4.506735;156.558528;-6.298860;,
  3.984441;161.884531;-12.583832;,
  0.000000;155.185421;-7.624650;,
  4.506735;156.558528;-6.298860;,
  0.000000;155.185421;-7.624650;,
  3.984441;161.884531;-12.583832;,
  0.000000;163.274586;-13.096053;,
  7.999406;172.288755;16.043830;,
  8.533463;170.571981;10.156705;,
  10.039239;166.049062;12.720167;,
  8.533463;170.571981;10.156705;,
  7.999406;172.288755;16.043830;,
  6.982413;175.904038;13.617421;,
  6.982413;175.904038;13.617421;,
  12.709683;173.822912;4.488731;,
  8.533463;170.571981;10.156705;,
  12.709683;173.822912;4.488731;,
  6.982413;175.904038;13.617421;,
  11.452225;179.630579;11.508529;,
  13.456314;181.953869;18.811704;,
  11.409414;184.309069;15.678422;,
  14.058035;191.002931;20.160256;,
  15.000688;167.888883;15.520880;,
  7.999406;172.288755;16.043830;,
  10.039239;166.049062;12.720167;,
  16.544944;165.668070;8.282532;,
  17.458370;171.929510;11.431369;,
  15.000688;167.888883;15.520880;,
  8.533463;170.571981;10.156705;,
  12.709683;173.822912;4.488731;,
  9.982342;165.824832;7.718129;,
  3.984441;161.884531;-12.583832;,
  4.506735;156.558528;-6.298860;,
  6.204750;163.977139;-11.194286;,
  8.420318;164.275610;-10.175808;,
  11.030145;160.745459;-10.516120;,
  6.204750;163.977139;-11.194286;,
  8.413907;165.009907;-9.118834;,
  8.032631;167.067814;-9.408957;,
  4.506735;156.558528;-6.298860;,
  0.000000;152.216627;-20.282626;,
  3.761697;157.913280;-14.274541;,
  2.911555;151.733683;-18.052614;,
  3.761697;157.913280;-14.274541;,
  0.000000;152.216627;-20.282626;,
  0.000000;157.959360;-16.049507;,
  6.644313;154.071322;-13.982408;,
  2.911555;151.733683;-18.052614;,
  3.761697;157.913280;-14.274541;,
  2.911555;151.733683;-18.052614;,
  6.644313;154.071322;-13.982408;,
  6.053613;149.552051;-16.662400;,
  15.000688;167.888883;15.520880;,
  13.730960;164.727936;9.780398;,
  16.544944;165.668070;8.282532;,
  13.730960;164.727936;9.780398;,
  15.000688;167.888883;15.520880;,
  10.039239;166.049062;12.720167;,
  11.030145;160.745459;-10.516120;,
  16.265000;160.761075;-2.568037;,
  11.895895;156.535002;-9.828443;,
  16.265000;160.761075;-2.568037;,
  11.030145;160.745459;-10.516120;,
  15.954427;165.086246;-4.311549;,
  2.911555;151.733683;-18.052614;,
  0.000000;146.999462;-19.322366;,
  0.000000;152.216627;-20.282626;,
  0.000000;146.999462;-19.322366;,
  2.911555;151.733683;-18.052614;,
  1.577504;146.809267;-18.555965;,
  10.039239;166.049062;12.720167;,
  8.533463;170.571981;10.156705;,
  9.982342;165.824832;7.718129;,
  4.679662;140.553741;-18.747216;,
  0.000000;146.999462;-19.322366;,
  1.577504;146.809267;-18.555965;,
  0.000000;146.999462;-19.322366;,
  4.679662;140.553741;-18.747216;,
  0.000000;140.424448;-19.359085;,
  8.420318;164.275610;-10.175808;,
  6.204750;163.977139;-11.194286;,
  8.032631;167.067814;-9.408957;,
  6.644313;154.071322;-13.982408;,
  12.288828;150.180710;-13.686680;,
  6.053613;149.552051;-16.662400;,
  11.030145;160.745459;-10.516120;,
  6.644313;154.071322;-13.982408;,
  3.761697;157.913280;-14.274541;,
  6.644313;154.071322;-13.982408;,
  11.030145;160.745459;-10.516120;,
  11.895895;156.535002;-9.828443;,
  12.428138;126.129971;4.043780;,
  15.667069;127.735680;2.471625;,
  12.655536;126.607501;7.292758;,
  13.730960;164.727936;9.780398;,
  17.772914;163.611021;2.931420;,
  16.544944;165.668070;8.282532;,
  14.058035;191.002931;20.160256;,
  7.542666;178.202048;18.155238;,
  11.220511;178.964390;21.289182;,
  7.274502;163.168269;9.605246;,
  4.885639;167.533568;14.819112;,
  10.039239;166.049062;12.720167;,
  7.274502;163.168269;9.605246;,
  10.039239;166.049062;12.720167;,
  9.982342;165.824832;7.718129;,
  14.129184;162.836736;11.031637;,
  17.772914;163.611021;2.931420;,
  13.730960;164.727936;9.780398;,
  6.204750;163.977139;-11.194286;,
  4.506735;156.558528;-6.298860;,
  8.032631;167.067814;-9.408957;,
  1.577504;146.809267;-18.555965;,
  2.911555;151.733683;-18.052614;,
  6.053613;149.552051;-16.662400;,
  16.438109;152.280256;14.155744;,
  13.773494;157.087424;13.784845;,
  12.652654;151.345357;15.880760;,
  13.773494;157.087424;13.784845;,
  16.438109;152.280256;14.155744;,
  16.623414;156.651213;13.212136;,
  17.772914;163.611021;2.931420;,
  17.125230;160.119501;-2.376736;,
  16.265000;160.761075;-2.568037;,
  17.125230;160.119501;-2.376736;,
  17.772914;163.611021;2.931420;,
  18.429995;162.878131;3.889902;,
  16.265000;160.761075;-2.568037;,
  16.554568;157.065024;-6.307005;,
  11.895895;156.535002;-9.828443;,
  16.554568;157.065024;-6.307005;,
  16.265000;160.761075;-2.568037;,
  17.125230;160.119501;-2.376736;,
  12.288828;150.180710;-13.686680;,
  16.206474;152.441869;-10.693399;,
  17.938085;150.124416;-8.947423;,
  19.785013;147.728717;-7.141061;,
  17.136240;145.360461;-8.590636;,
  17.938085;150.124416;-8.947423;,
  17.136240;145.360461;-8.590636;,
  19.785013;147.728717;-7.141061;,
  18.940371;146.209638;-4.290588;,
  9.242025;123.650304;-11.661884;,
  11.627942;123.713139;-9.147421;,
  9.677982;119.969587;-11.883282;,
  11.627942;123.713139;-9.147421;,
  12.201792;126.585856;-6.409364;,
  12.999717;123.183680;-6.644103;,
  12.795075;120.352883;-7.888099;,
  14.495651;119.251878;-5.805735;,
  13.685829;118.390259;-7.296036;,
  14.495651;119.251878;-5.805735;,
  12.795075;120.352883;-7.888099;,
  12.999717;123.183680;-6.644103;,
  14.916150;118.796019;-3.081592;,
  13.724523;122.974016;-1.695973;,
  15.176267;119.083174;1.803543;,
  11.627942;123.713139;-9.147421;,
  12.999717;123.183680;-6.644103;,
  12.795075;120.352883;-7.888099;,
  15.176267;119.083174;1.803543;,
  16.485216;120.960218;-0.483956;,
  14.916150;118.796019;-3.081592;,
  14.655920;116.169523;12.261914;,
  16.007280;119.263347;6.521307;,
  13.775850;119.411853;6.995386;,
  8.186278;120.759974;12.329156;,
  14.655920;116.169523;12.261914;,
  10.348572;119.064883;10.760390;,
  16.485216;120.960218;-0.483956;,
  18.392218;120.955469;1.575918;,
  17.181034;126.621632;-0.629298;,
  17.938085;150.124416;-8.947423;,
  15.055800;144.495744;-13.641827;,
  12.288828;150.180710;-13.686680;,
  10.110728;124.872307;6.923700;,
  12.701198;122.133798;5.544390;,
  12.428138;126.129971;4.043780;,
  13.685829;118.390259;-7.296036;,
  15.449845;119.549350;-11.040707;,
  12.795075;120.352883;-7.888099;,
  8.420318;164.275610;-10.175808;,
  8.032631;167.067814;-9.408957;,
  8.413907;165.009907;-9.118834;,
  12.761255;173.368179;19.553664;,
  13.456314;181.953869;18.811704;,
  11.220511;178.964390;21.289182;,
  13.456314;181.953869;18.811704;,
  12.761255;173.368179;19.553664;,
  14.956149;177.070349;16.011853;,
  6.982413;175.904038;13.617421;,
  7.542666;178.202048;18.155238;,
  7.348652;181.675162;16.662832;,
  11.452225;179.630579;11.508529;,
  7.348652;181.675162;16.662832;,
  11.409414;184.309069;15.678422;,
  11.220511;178.964390;21.289182;,
  7.999406;172.288755;16.043830;,
  12.761255;173.368179;19.553664;,
  14.956149;177.070349;16.011853;,
  11.409414;184.309069;15.678422;,
  13.456314;181.953869;18.811704;,
  11.409414;184.309069;15.678422;,
  14.956149;177.070349;16.011853;,
  11.452225;179.630579;11.508529;,
  12.236913;119.123494;-13.231786;,
  7.964754;112.082854;-16.743437;,
  6.529413;116.828890;-15.871261;,
  7.964754;112.082854;-16.743437;,
  12.236913;119.123494;-13.231786;,
  14.577510;113.236250;-13.636054;,
  37.531702;137.116506;6.149244;,
  39.154048;131.829402;-0.983564;,
  36.331795;136.796237;0.841259;,
  39.154048;131.829402;-0.983564;,
  37.531702;137.116506;6.149244;,
  42.506394;131.751360;5.407476;,
  29.229610;122.778650;9.757079;,
  32.910003;128.972403;13.082658;,
  27.673904;127.307840;10.287956;,
  32.910003;128.972403;13.082658;,
  29.229610;122.778650;9.757079;,
  34.316176;124.159910;11.324682;,
  42.836314;124.520448;4.851152;,
  41.831290;121.164173;10.444023;,
  45.223117;121.059610;4.871280;,
  41.831290;121.164173;10.444023;,
  42.836314;124.520448;4.851152;,
  40.043254;124.521523;9.330022;,
  40.043254;124.521523;9.330022;,
  35.768336;121.520947;12.047639;,
  41.831290;121.164173;10.444023;,
  35.768336;121.520947;12.047639;,
  40.043254;124.521523;9.330022;,
  34.316176;124.159910;11.324682;,
  41.485501;125.070579;-0.685466;,
  35.737587;123.276890;-3.720229;,
  35.004163;125.400320;-2.875539;,
  35.737587;123.276890;-3.720229;,
  41.485501;125.070579;-0.685466;,
  42.736003;122.145651;-2.260661;,
  45.223117;121.059610;4.871280;,
  41.485501;125.070579;-0.685466;,
  42.836314;124.520448;4.851152;,
  41.485501;125.070579;-0.685466;,
  45.223117;121.059610;4.871280;,
  42.736003;122.145651;-2.260661;,
  29.904960;141.746227;-2.038400;,
  27.405798;130.736909;-1.258227;,
  25.359003;135.834637;-1.347274;,
  27.405798;130.736909;-1.258227;,
  29.904960;141.746227;-2.038400;,
  32.602275;133.986483;-1.969088;,
  24.364571;135.581453;9.991550;,
  31.019059;132.774541;12.407062;,
  29.494195;138.375322;12.113014;,
  31.019059;132.774541;12.407062;,
  24.364571;135.581453;9.991550;,
  26.916243;129.890368;10.079961;,
  41.485501;125.070579;-0.685466;,
  34.554390;130.213734;-3.349990;,
  39.154048;131.829402;-0.983564;,
  34.554390;130.213734;-3.349990;,
  41.485501;125.070579;-0.685466;,
  35.004163;125.400320;-2.875539;,
  36.219117;135.735552;10.402012;,
  32.910003;128.972403;13.082658;,
  38.753530;130.503590;10.735861;,
  32.910003;128.972403;13.082658;,
  36.219117;135.735552;10.402012;,
  31.019059;132.774541;12.407062;,
  41.831290;121.164173;10.444023;,
  43.286883;120.581760;4.032562;,
  45.223117;121.059610;4.871280;,
  43.286883;120.581760;4.032562;,
  41.831290;121.164173;10.444023;,
  39.921514;120.633869;9.198061;,
  39.921514;120.633869;9.198061;,
  41.831290;121.164173;10.444023;,
  35.768336;121.520947;12.047639;,
  42.736003;122.145651;-2.260661;,
  43.286883;120.581760;4.032562;,
  41.685814;121.482138;-1.224363;,
  39.154048;131.829402;-0.983564;,
  32.602275;133.986483;-1.969088;,
  36.331795;136.796237;0.841259;,
  32.602275;133.986483;-1.969088;,
  39.154048;131.829402;-0.983564;,
  34.554390;130.213734;-3.349990;,
  40.043254;124.521523;9.330022;,
  32.910003;128.972403;13.082658;,
  34.316176;124.159910;11.324682;,
  32.910003;128.972403;13.082658;,
  26.916243;129.890368;10.079961;,
  27.673904;127.307840;10.287956;,
  42.506394;131.751360;5.407476;,
  40.043254;124.521523;9.330022;,
  42.836314;124.520448;4.851152;,
  40.043254;124.521523;9.330022;,
  42.506394;131.751360;5.407476;,
  38.753530;130.503590;10.735861;,
  39.154048;131.829402;-0.983564;,
  42.836314;124.520448;4.851152;,
  41.485501;125.070579;-0.685466;,
  42.836314;124.520448;4.851152;,
  39.154048;131.829402;-0.983564;,
  42.506394;131.751360;5.407476;,
  35.004163;125.400320;-2.875539;,
  28.097741;128.247232;-1.282689;,
  34.554390;130.213734;-3.349990;,
  28.097741;128.247232;-1.282689;,
