xof 0303txt 0032
template ColorRGBA {
 <35ff44e0-6c7c-11cf-8f52-0040333594a3>
 FLOAT red;
 FLOAT green;
 FLOAT blue;
 FLOAT alpha;
}

template ColorRGB {
 <d3e16e81-7835-11cf-8f52-0040333594a3>
 FLOAT red;
 FLOAT green;
 FLOAT blue;
}

template Material {
 <3d82ab4d-62da-11cf-ab39-0020af71e433>
 ColorRGBA faceColor;
 FLOAT power;
 ColorRGB specularColor;
 ColorRGB emissiveColor;
 [...]
}

template TextureFilename {
 <a42790e1-7810-11cf-8f52-0040333594a3>
 STRING filename;
}

template Frame {
 <3d82ab46-62da-11cf-ab39-0020af71e433>
 [...]
}

template Matrix4x4 {
 <f6f23f45-7686-11cf-8f52-0040333594a3>
 array FLOAT matrix[16];
}

template FrameTransformMatrix {
 <f6f23f41-7686-11cf-8f52-0040333594a3>
 Matrix4x4 frameMatrix;
}

template Vector {
 <3d82ab5e-62da-11cf-ab39-0020af71e433>
 FLOAT x;
 FLOAT y;
 FLOAT z;
}

template MeshFace {
 <3d82ab5f-62da-11cf-ab39-0020af71e433>
 DWORD nFaceVertexIndices;
 array DWORD faceVertexIndices[nFaceVertexIndices];
}

template Mesh {
 <3d82ab44-62da-11cf-ab39-0020af71e433>
 DWORD nVertices;
 array Vector vertices[nVertices];
 DWORD nFaces;
 array MeshFace faces[nFaces];
 [...]
}

template MeshNormals {
 <f6f23f43-7686-11cf-8f52-0040333594a3>
 DWORD nNormals;
 array Vector normals[nNormals];
 DWORD nFaceNormals;
 array MeshFace faceNormals[nFaceNormals];
}

template MeshMaterialList {
 <f6f23f42-7686-11cf-8f52-0040333594a3>
 DWORD nMaterials;
 DWORD nFaceIndexes;
 array DWORD faceIndexes[nFaceIndexes];
 [Material <3d82ab4d-62da-11cf-ab39-0020af71e433>]
}

template Coords2d {
 <f6f23f44-7686-11cf-8f52-0040333594a3>
 FLOAT u;
 FLOAT v;
}

template MeshTextureCoords {
 <f6f23f40-7686-11cf-8f52-0040333594a3>
 DWORD nTextureCoords;
 array Coords2d textureCoords[nTextureCoords];
}

template XSkinMeshHeader {
 <3cf169ce-ff7c-44ab-93c0-f78f62d172e2>
 WORD nMaxSkinWeightsPerVertex;
 WORD nMaxSkinWeightsPerFace;
 WORD nBones;
}

template SkinWeights {
 <6f0d123b-bad2-4167-a0d0-80224f25fabb>
 STRING transformNodeName;
 DWORD nWeights;
 array DWORD vertexIndices[nWeights];
 array FLOAT weights[nWeights];
 Matrix4x4 matrixOffset;
}

template AnimTicksPerSecond {
 <9e415a43-7ba6-4a73-8743-b73d47e88476>
 DWORD AnimTicksPerSecond;
}

template Animation {
 <3d82ab4f-62da-11cf-ab39-0020af71e433>
 [...]
}

template AnimationSet {
 <3d82ab50-62da-11cf-ab39-0020af71e433>
 [Animation <3d82ab4f-62da-11cf-ab39-0020af71e433>]
}

template FloatKeys {
 <10dd46a9-775b-11cf-8f52-0040333594a3>
 DWORD nValues;
 array FLOAT values[nValues];
}

template TimedFloatKeys {
 <f406b180-7b3b-11cf-8f52-0040333594a3>
 DWORD time;
 FloatKeys tfkeys;
}

template AnimationKey {
 <10dd46a8-775b-11cf-8f52-0040333594a3>
 DWORD keyType;
 DWORD nKeys;
 array TimedFloatKeys keys[nKeys];
}


Material m_woodgiant01 {
 1.000000;1.000000;1.000000;1.000000;;
 10.000000;
 0.000000;0.000000;0.000000;;
 0.000000;0.000000;0.000000;;

 TextureFilename {
  "t_woodgiant01_df.tga";
 }
}

Frame bip001 {
 

 FrameTransformMatrix {
  0.002454,-0.079943,-0.996797,0.000000,0.039894,0.996014,-0.079782,0.000000,0.999201,-0.039570,0.005633,0.000000,6.350532,79.688218,0.000000,1.000000;;
 }

 Frame bip001-pelvis {
  

  FrameTransformMatrix {
   -0.010515,0.996195,0.086518,0.000000,0.226591,-0.081898,0.970541,0.000000,0.973933,0.029809,-0.224868,0.000000,0.000000,0.000000,0.000000,1.000000;;
  }

  Frame bip001-spine {
   

   FrameTransformMatrix {
    0.985177,-0.170921,0.014575,0.000000,0.171469,0.983671,-0.054686,0.000000,-0.004990,0.056375,0.998397,0.000000,13.281845,-1.633622,-1.952532,1.000000;;
   }

   Frame bip001-spine1 {
    

    FrameTransformMatrix {
     0.985006,-0.087156,-0.148889,0.000000,0.114009,0.976555,0.182601,0.000000,0.129484,-0.196837,0.971848,0.000000,19.689758,0.006994,-0.034515,1.000000;;
    }

    Frame bip001-spine2 {
     

     FrameTransformMatrix {
      0.131856,-0.152875,0.979410,0.000000,-0.062507,0.984788,0.162130,0.000000,-0.989296,-0.082598,0.120294,0.000000,44.634682,0.002827,-0.004115,1.000000;;
     }

     Frame bip001-neck {
      

      FrameTransformMatrix {
       0.842956,0.492614,0.216234,0.000000,-0.447780,0.865233,-0.225532,0.000000,-0.298193,0.093288,0.949936,0.000000,46.975578,-0.001101,1.841385,1.000000;;
      }

      Frame bip001-head {
       

       FrameTransformMatrix {
        -0.034581,0.205068,-0.978137,0.000000,-0.034300,0.977902,0.206231,0.000000,0.998813,0.040681,-0.026783,0.000000,14.057206,0.001324,3.895035,1.000000;;
       }

       Frame bone_jaw {
        

        FrameTransformMatrix {
         -0.693021,0.000001,0.720917,0.000000,0.000001,-1.000000,0.000003,0.000000,0.720917,0.000003,0.693021,0.000000,-16.119629,-0.001558,14.919056,1.000000;;
        }
       }
      }

      Frame bip001-l-clavicle {
       

       FrameTransformMatrix {
        0.822173,0.562189,-0.089303,0.000000,0.518281,-0.804183,-0.290988,0.000000,-0.235406,0.192958,-0.952550,0.000000,-13.139587,41.188157,6.658569,1.000000;;
       }

       Frame bip001-l-upperarm {
        

        FrameTransformMatrix {
         0.416826,-0.712223,-0.564796,0.000000,0.823211,0.032292,0.566817,0.000000,-0.385461,-0.701210,0.599770,0.000000,28.111622,-0.000020,0.000000,1.000000;;
        }

        Frame bip001-l-forearm {
         

         FrameTransformMatrix {
          0.244002,0.000000,-0.969775,0.000000,0.000000,1.000000,0.000000,0.000000,0.969775,-0.000000,0.244002,0.000000,76.052038,0.000000,0.000008,1.000000;;
         }

         Frame bip001-l-hand {
          

          FrameTransformMatrix {
           0.965657,0.062398,0.252218,0.000000,-0.233814,-0.214635,0.948295,0.000000,0.113307,-0.974699,-0.192674,0.000000,71.122797,-0.000015,0.000008,1.000000;;
          }

          Frame bip001-l-finger0 {
           

           FrameTransformMatrix {
            -0.323035,-0.524818,0.787537,0.000000,0.822687,-0.567055,-0.040435,0.000000,0.467798,0.634834,0.614940,0.000000,0.434090,-25.271786,6.626572,1.000000;;
           }
          }

          Frame bip001-l-finger1 {
           

           FrameTransformMatrix {
            0.904303,-0.396842,0.157330,0.000000,0.404266,0.914484,-0.016988,0.000000,-0.137135,0.078966,0.987400,0.000000,30.022022,-15.648202,0.668228,1.000000;;
           }
          }

          Frame bip001-l-finger2 {
           

           FrameTransformMatrix {
            0.940965,0.124181,0.314904,0.000000,-0.181854,0.970081,0.160850,0.000000,-0.285508,-0.208621,0.935394,0.000000,29.880458,1.214293,1.120560,1.000000;;
           }
          }

          Frame bip001-l-finger3 {
           

           FrameTransformMatrix {
            0.584467,0.692800,0.422405,0.000000,-0.738406,0.669937,-0.077080,0.000000,-0.336386,-0.266855,0.903124,0.000000,23.301403,14.479405,2.075348,1.000000;;
           }
          }
         }
        }
       }
      }

      Frame bip001-r-clavicle {
       

       FrameTransformMatrix {
        0.512047,-0.816617,-0.266354,0.000000,-0.818772,-0.557769,0.136035,0.000000,-0.259652,0.148427,-0.954228,0.000000,-42.484333,-10.353363,1.101593,1.000000;;
       }

       Frame bip001-r-upperarm {
        

        FrameTransformMatrix {
         0.053599,0.957068,-0.284865,0.000000,-0.796097,-0.131254,-0.590765,0.000000,-0.602791,0.258445,0.754884,0.000000,28.111610,-0.000027,0.000122,1.000000;;
        }

        Frame bip001-r-forearm {
         

         FrameTransformMatrix {
          0.061726,0.000000,-0.998093,0.000000,0.000000,1.000000,0.000000,0.000000,0.998093,-0.000000,0.061726,0.000000,76.052019,-0.000229,0.000183,1.000000;;
         }

         Frame bip001-r-hand {
          

          FrameTransformMatrix {
           0.889331,-0.318883,-0.327726,0.000000,-0.268226,0.216655,-0.938678,0.000000,0.370331,0.922700,0.107145,0.000000,71.122797,-0.000153,0.000179,1.000000;;
          }

          Frame bip001-r-finger0 {
           

           FrameTransformMatrix {
            -0.330770,0.602862,0.726050,0.000000,-0.831061,-0.550604,0.078574,0.000000,0.447135,-0.577402,0.683138,0.000000,0.434105,25.271744,6.626709,1.000000;;
           }
          }

          Frame bip001-r-finger1 {
           

           FrameTransformMatrix {
            0.889472,0.388743,0.240247,0.000000,-0.404264,0.914485,0.016992,0.000000,-0.213096,-0.112237,0.970563,0.000000,30.022051,15.648144,0.668320,1.000000;;
           }
          }

          Frame bip001-r-finger2 {
           

           FrameTransformMatrix {
            0.836332,-0.066555,0.544169,0.000000,0.181856,0.970081,-0.160846,0.000000,-0.517183,0.233481,0.823413,0.000000,29.880448,-1.214356,1.120590,1.000000;;
           }
          }

          Frame bip001-r-finger3 {
           

           FrameTransformMatrix {
            -0.189414,0.096341,0.977160,0.000000,0.738407,0.669936,0.077083,0.000000,-0.647208,0.736142,-0.198034,0.000000,23.301357,-14.479477,2.075378,1.000000;;
           }
          }
         }
        }
       }
      }
     }

     Frame bone_tree_01 {
      

      FrameTransformMatrix {
       -0.392350,-0.302102,-0.868790,0.000000,0.189093,-0.950843,0.245239,0.000000,-0.900169,-0.068063,0.430189,0.000000,-25.112035,-51.379891,-37.733962,1.000000;;
      }
     }

     Frame bone_tree_03 {
      

      FrameTransformMatrix {
       -0.400596,0.323110,-0.857393,0.000000,0.198213,0.944160,0.263198,0.000000,0.894558,-0.064510,-0.442271,0.000000,-25.111781,52.620141,-37.734358,1.000000;;
      }
     }
    }

    Frame bone_tree_02 {
     

     FrameTransformMatrix {
      -0.039490,-0.690864,-0.721906,0.000000,0.140259,-0.719149,0.680553,0.000000,-0.989327,-0.074378,0.125299,0.000000,25.808998,-52.192755,-50.429389,1.000000;;
     }
    }

    Frame bone_tree_04 {
     

     FrameTransformMatrix {
      -0.062700,0.689489,-0.721577,0.000000,0.139721,0.721944,0.677698,0.000000,0.988204,-0.058328,-0.141602,0.000000,25.809090,53.433082,-50.429600,1.000000;;
     }
    }

    Frame bone_tree_05 {
     

     FrameTransformMatrix {
      -0.002956,-0.013536,-0.999904,0.000000,0.000033,-0.999908,0.013536,0.000000,-0.999996,0.000007,0.002956,0.000000,0.820869,-0.000158,-39.910064,1.000000;;
     }
    }
   }

   Frame bip001-l-thigh {
    

    FrameTransformMatrix {
     -0.372992,0.577714,0.726032,0.000000,-0.342745,-0.812946,0.470791,0.000000,0.862208,-0.073243,0.501231,0.000000,-16.293067,16.242570,3.083220,1.000000;;
    }

    Frame bip001-l-calf {
     

     FrameTransformMatrix {
      0.000993,-0.000000,-1.000000,0.000000,-0.000000,1.000000,-0.000000,0.000000,1.000000,0.000000,0.000993,0.000000,57.722720,0.000023,-0.000008,1.000000;;
     }

     Frame bip001-l-foot {
      

      FrameTransformMatrix {
       0.833817,0.392458,0.388235,0.000000,-0.222182,0.882375,-0.414789,0.000000,-0.505356,0.259599,0.822936,0.000000,44.571389,-0.000011,0.000008,1.000000;;
      }

      Frame bip001-l-toe0 {
       

       FrameTransformMatrix {
        0.000001,0.257789,0.966201,0.000000,-0.000000,0.966201,-0.257788,0.000000,-1.000000,-0.000000,0.000001,0.000000,18.252960,0.000034,22.441771,1.000000;;
       }
      }
     }
    }
   }

   Frame bip001-r-thigh {
    

    FrameTransformMatrix {
     -0.744973,-0.649707,0.151314,0.000000,0.607671,-0.754508,-0.247898,0.000000,0.275229,-0.092728,0.956896,0.000000,-10.378357,-17.797064,1.132331,1.000000;;
    }

    Frame bip001-r-calf {
     

     FrameTransformMatrix {
      0.307975,-0.000000,-0.951394,0.000000,-0.000000,1.000000,-0.000000,0.000000,0.951394,0.000000,0.307975,0.000000,57.722682,-0.000015,-0.000011,1.000000;;
     }

     Frame bip001-r-foot {
      

      FrameTransformMatrix {
       0.449637,-0.601507,0.660315,0.000000,0.366605,0.798401,0.477657,0.000000,-0.814511,0.027303,0.579506,0.000000,44.571418,0.000008,0.000052,1.000000;;
      }

      Frame bip001-r-toe0 {
       

       FrameTransformMatrix {
        -0.000005,-0.257782,0.966203,0.000000,0.000004,0.966203,0.257782,0.000000,-1.000000,0.000005,-0.000004,0.000000,18.252918,0.000042,22.441738,1.000000;;
       }
      }
     }
    }
   }
  }
 }
}

Frame woodgiant01 {
 

 FrameTransformMatrix {
  1.000000,0.000000,0.000000,0.000000,0.000000,1.000000,0.000000,0.000000,0.000000,0.000000,1.000000,0.000000,0.000000,0.000000,0.000000,1.000000;;
 }

 Mesh woodgiant01 {
  3173;
  30.304224;9.336937;-23.169437;,
  37.233971;10.005491;-16.812763;,
  33.565142;8.010102;-24.612979;,
  72.653978;84.012314;-65.916557;,
  82.935450;100.204083;-69.088454;,
  68.049901;71.988800;-68.879341;,
  83.438323;281.819827;24.659763;,
  87.677549;282.451994;26.935594;,
  86.460083;282.327962;23.285530;,
  42.500464;245.078144;10.283006;,
  45.107309;246.989133;9.454946;,
  44.547562;244.184141;8.412879;,
  61.874637;247.180058;29.158134;,
  57.863776;224.733286;19.606112;,
  56.686490;228.742170;27.318966;,
  15.591883;151.619904;-95.184538;,
  18.425786;152.984269;-95.472819;,
  18.207978;147.326566;-92.769472;,
  10.031968;134.719590;-99.729274;,
  12.129594;134.185421;-99.311347;,
  11.065554;138.204147;-101.223968;,
  5.218550;132.267917;-99.414733;,
  12.095582;137.615706;-95.989466;,
  10.031968;134.719590;-99.729274;,
  -37.233971;10.005490;-16.812763;,
  -30.304230;9.336937;-23.169437;,
  -33.565152;8.010102;-24.612984;,
  -82.935456;100.204096;-69.088474;,
  -72.653984;84.012314;-65.916570;,
  -68.049914;71.988800;-68.879354;,
  -83.438323;281.819827;24.659763;,
  -86.460090;282.327962;23.285534;,
  -87.677562;282.451994;26.935597;,
  -42.500464;245.078144;10.283006;,
  -44.547558;244.184141;8.412886;,
  -45.107309;246.989133;9.454946;,
  -57.863776;224.733286;19.606112;,
  -61.874630;247.179981;29.158154;,
  -56.686490;228.742170;27.318966;,
  -10.031968;134.719590;-99.729274;,
  -11.065554;138.204147;-101.223968;,
  -12.129594;134.185421;-99.311347;,
  -12.095582;137.615706;-95.989466;,
  -5.218550;132.267917;-99.414733;,
  -10.031968;134.719590;-99.729274;,
  27.879446;195.031987;-25.614243;,
  36.127898;207.481626;-6.433698;,
  23.924851;200.042048;-19.615170;,
  36.127898;207.481626;-6.433698;,
  24.455650;203.810893;-21.973179;,
  28.658397;201.949107;-26.206490;,
  27.879446;195.031987;-25.614243;,
  -27.879446;195.031987;-25.614245;,
  -23.924851;200.042048;-19.615170;,
  -36.127898;207.481613;-6.433698;,
  -36.127898;207.481613;-6.433698;,
  -24.455650;203.810880;-21.973178;,
  -28.658397;201.949133;-26.206490;,
  -27.879446;195.031987;-25.614245;,
  69.625939;239.151898;34.691997;,
  87.677549;282.451994;26.935594;,
  66.649254;243.027891;37.609238;,
  61.874637;247.180058;29.158134;,
  66.649254;243.027891;37.609238;,
  83.438323;281.819827;24.659763;,
  61.700774;239.427021;37.165382;,
  56.686490;228.742170;27.318966;,
  56.141338;221.320653;35.136947;,
  51.225475;225.937203;28.093462;,
  67.828851;246.398950;25.882573;,
  86.460083;282.327962;23.285530;,
  57.863776;224.733286;19.606112;,
  69.625939;239.151898;34.691997;,
  87.677549;282.451994;26.935594;,
  84.593683;257.873485;71.718733;,
  66.649254;243.027891;37.609238;,
  85.680922;255.593958;70.664762;,
  65.384186;217.682227;29.297862;,
  66.246413;236.356634;38.941338;,
  83.695379;253.545190;72.132608;,
  61.924486;217.946675;36.445213;,
  81.819533;256.441830;72.185325;,
  85.680922;255.593958;70.664762;,
  84.593683;257.873485;71.718733;,
  61.700774;239.427021;37.165382;,
  84.593683;257.873485;71.718733;,
  66.649254;243.027891;37.609238;,
  56.141338;221.320653;35.136947;,
  51.462733;211.559936;30.457379;,
  54.482406;200.392614;26.827320;,
  42.964202;199.644851;23.488197;,
  31.855168;187.032806;14.119957;,
  41.819066;181.021350;8.493212;,
  58.428403;203.779725;16.484115;,
  46.935792;186.357939;-0.186514;,
  43.189149;194.287949;-9.129086;,
  48.997386;211.137651;12.589051;,
  51.336234;220.419379;24.712245;,
  30.401635;202.130726;2.774803;,
  44.312758;209.716390;19.124557;,
  28.504525;197.226150;10.004334;,
  42.964202;199.644851;23.488197;,
  31.855168;187.032806;14.119957;,
  51.462733;211.559936;30.457379;,
  51.225475;225.937203;28.093462;,
  56.141338;221.320653;35.136947;,
  -69.625939;239.151821;34.692010;,
  -66.649254;243.027891;37.609238;,
  -87.677562;282.451994;26.935597;,
  -61.874630;247.179981;29.158154;,
  -66.649254;243.027891;37.609238;,
  -61.700774;239.426995;37.165382;,
  -83.438323;281.819827;24.659763;,
  -56.686490;228.742170;27.318966;,
  -56.141338;221.320627;35.136944;,
  -51.225475;225.937203;28.093462;,
  -67.828832;246.398899;25.882589;,
  -86.460090;282.327962;23.285534;,
  -57.863776;224.733286;19.606112;,
  -69.625939;239.151821;34.692010;,
  -87.677562;282.451994;26.935597;,
  -84.593683;257.873434;71.718720;,
  -66.649254;243.027891;37.609238;,
  -85.680922;255.593907;70.664749;,
  -65.384186;217.682227;29.297856;,
  -66.246413;236.356634;38.941322;,
  -83.695379;253.545139;72.132589;,
  -61.924486;217.946675;36.445210;,
  -81.819533;256.441805;72.185312;,
  -85.680922;255.593907;70.664749;,
  -84.593683;257.873434;71.718720;,
  -61.700774;239.426995;37.165382;,
  -84.593683;257.873434;71.718720;,
  -66.649254;243.027891;37.609238;,
  -56.141338;221.320627;35.136944;,
  -51.462730;211.559936;30.457376;,
  -54.482406;200.392627;26.827317;,
  -42.964202;199.644864;23.488194;,
  -31.855171;187.032819;14.119957;,
  -41.819062;181.021338;8.493212;,
  -58.428403;203.779738;16.484114;,
  -46.935789;186.357939;-0.186514;,
  -43.189149;194.287936;-9.129087;,
  -48.997386;211.137664;12.589047;,
  -51.336234;220.419379;24.712242;,
  -30.401635;202.130739;2.774803;,
  -44.312758;209.716390;19.124557;,
  -28.504525;197.226163;10.004335;,
  -42.964202;199.644864;23.488194;,
  -31.855171;187.032819;14.119957;,
  -51.462730;211.559936;30.457376;,
  -51.225475;225.937203;28.093462;,
  -56.141338;221.320627;35.136944;,
  0.640186;229.501594;16.633312;,
  -0.000000;232.827110;14.767626;,
  -0.000000;228.530765;16.738166;,
  0.986533;231.557504;15.884352;,
  0.000000;200.615872;-98.650374;,
  6.705705;184.655859;-104.223360;,
  7.468327;191.286656;-103.209658;,
  0.000000;187.165811;-98.198912;,
  117.367334;148.600922;27.724106;,
  113.075200;149.142054;28.460534;,
  115.596800;148.989837;29.861488;,
  116.534387;150.078707;26.503949;,
  -0.640186;229.501594;16.633312;,
  -0.000000;232.827110;14.767626;,
  -0.986533;231.557504;15.884352;,
  -0.000000;228.530765;16.738166;,
  0.000000;200.615872;-98.650374;,
  -6.705705;184.655859;-104.223360;,
  0.000000;187.165811;-98.198912;,
  -7.468327;191.286656;-103.209658;,
  -117.367322;148.600922;27.724109;,
  -113.075174;149.142054;28.460538;,
  -116.534374;150.078707;26.503949;,
  -115.596787;148.989837;29.861488;,
  0.000000;159.536986;-79.750886;,
  0.000000;129.343501;-112.381888;,
  1.946141;133.666061;-111.025446;,
  -4.130044;143.000090;-102.952576;,
  -1.946141;133.666061;-111.025446;,
  -5.360748;136.928179;-107.802381;,
  -6.999144;133.019110;-104.124602;,
  -8.552540;138.839616;-104.359392;,
  -13.212482;151.845517;-89.500717;,
  -10.826871;143.106739;-102.097306;,
  -12.594990;141.497830;-99.914592;,
  -14.945610;146.411661;-99.329939;,
  -15.591883;151.619904;-95.184538;,
  -18.425782;152.984256;-95.472806;,
  -14.137424;140.882611;-93.037203;,
  -8.787162;140.126643;-92.897818;,
  -14.370722;143.743002;-96.687494;,
  -12.095582;137.615706;-95.989466;,
  -5.218550;132.267917;-99.414733;,
  -11.065554;138.204147;-101.223968;,
  -10.031968;134.719590;-99.729274;,
  -10.071170;136.456781;-102.533389;,
  -8.909456;131.972211;-101.251482;,
  -2.367855;130.995738;-102.826157;,
  0.000000;131.065613;-102.783622;,
  -6.261235;129.257792;-103.335981;,
  0.000000;127.119245;-107.574042;,
  -2.330096;130.902054;-109.142157;,
  -7.943371;131.849318;-106.641549;,
  -2.330096;130.902054;-109.142157;,
  0.000000;159.536986;-79.750886;,
  -1.946141;133.666061;-111.025446;,
  0.000000;129.343501;-112.381888;,
  1.946141;133.666061;-111.025446;,
  4.130044;143.000090;-102.952576;,
  5.360748;136.928179;-107.802381;,
  6.999144;133.019110;-104.124602;,
  8.552540;138.839616;-104.359392;,
  13.212483;151.845517;-89.500717;,
  10.826871;143.106739;-102.097306;,
  12.594990;141.497830;-99.914592;,
  14.945610;146.411661;-99.329939;,
  15.591883;151.619904;-95.184538;,
  18.425786;152.984269;-95.472819;,
  14.137424;140.882611;-93.037203;,
  8.787162;140.126643;-92.897818;,
  14.370722;143.743014;-96.687507;,
  12.095582;137.615706;-95.989466;,
  5.218550;132.267917;-99.414733;,
  11.065554;138.204147;-101.223968;,
  10.031968;134.719590;-99.729274;,
  10.071170;136.456781;-102.533389;,
  8.909456;131.972211;-101.251482;,
  2.367855;130.995738;-102.826157;,
  0.000000;131.065613;-102.783622;,
  6.261235;129.257792;-103.335981;,
  0.000000;127.119245;-107.574042;,
  2.330096;130.902054;-109.142157;,
  7.943371;131.849318;-106.641549;,
  2.330096;130.902054;-109.142157;,
  93.864973;91.707379;-48.366086;,
  96.992666;88.288614;-48.902957;,
  92.714035;97.352819;-51.375146;,
  92.197818;89.281107;-57.591789;,
  97.797414;78.999059;-48.675235;,
  93.803085;71.896333;-61.518426;,
  95.771123;69.804710;-42.277126;,
  82.318202;80.212934;-68.580058;,
  92.260691;59.775744;-58.663424;,
  82.935450;100.204083;-69.088454;,
  81.406310;104.013754;-64.347648;,
  72.653978;84.012314;-65.916557;,
  68.049901;71.988800;-68.879341;,
  65.779264;85.693472;-63.007021;,
  89.685203;61.343123;-36.040570;,
  80.040640;54.298042;-74.169421;,
  90.687475;41.573654;-48.591699;,
  93.094003;43.968070;-65.733709;,
  67.809946;54.029952;-77.297734;,
  79.842253;41.385920;-84.392378;,
  57.303571;72.358003;-54.411974;,
  57.938662;98.929395;-49.574256;,
  54.038246;93.098458;-43.627315;,
  57.201613;52.319450;-67.050790;,
  52.050944;84.053504;-36.479363;,
  53.718048;98.886995;-34.055648;,
  56.632979;86.675206;-31.238566;,
  56.255386;68.645670;-39.272909;,
  55.232627;54.275098;-50.536592;,
  49.890067;39.383958;-57.627206;,
  50.910710;37.156304;-76.625222;,
  45.164144;27.180525;-62.705280;,
  62.539827;42.447850;-86.957696;,
  46.400570;27.289622;-77.847488;,
  52.106515;28.719126;-85.111328;,
  51.754938;21.470730;-75.750349;,
  49.547414;20.505630;-65.901152;,
  41.214896;13.573838;-71.277133;,
  42.302214;15.279814;-76.841024;,
  51.953405;28.623491;-78.445933;,
  59.207597;23.047794;-80.435258;,
  56.529677;15.606182;-77.019565;,
  46.357555;10.962212;-79.649581;,
  48.654198;6.541137;-75.866138;,
  58.975226;9.747393;-71.170688;,
  62.715718;8.119678;-89.688883;,
  60.323904;14.761408;-92.573312;,
  70.522918;11.723520;-109.745421;,
  71.113562;16.673630;-111.896845;,
  64.878272;24.506536;-89.857050;,
  67.701638;23.203571;-99.949926;,
  77.070253;17.051590;-110.583104;,
  64.364518;31.743142;-93.368646;,
  76.954547;35.522218;-86.271002;,
  75.156250;27.542493;-86.091872;,
  74.392832;21.760214;-94.051418;,
  82.809946;21.720501;-90.553088;,
  76.683917;12.334195;-90.519616;,
  75.683379;11.425390;-107.148000;,
  74.266061;6.633816;-84.626170;,
  90.123642;11.376218;-98.341062;,
  91.040557;17.245384;-101.504026;,
  96.299360;17.602688;-97.492403;,
  88.029158;25.815678;-89.287437;,
  88.413850;20.158114;-85.612000;,
  90.203462;33.413901;-78.083590;,
  90.274771;12.320066;-82.815469;,
  94.541370;11.454676;-95.373830;,
  87.429082;5.947992;-78.765971;,
  105.980832;8.878790;-91.120947;,
  105.804320;13.661030;-92.566368;,
  92.931814;19.254709;-81.894982;,
  108.176038;16.776330;-89.839232;,
  89.058848;27.189242;-77.773440;,
  93.528346;21.994942;-75.393331;,
  96.125414;28.768982;-69.089370;,
  101.076390;16.903555;-74.692672;,
  111.713779;12.967566;-86.520653;,
  110.027661;9.539170;-86.348806;,
  97.204333;6.087568;-73.657242;,
  97.824685;16.144514;-68.218419;,
  86.752870;10.300663;-59.757338;,
  93.346387;24.329296;-68.569504;,
  88.755187;18.389867;-59.483430;,
  77.794925;11.691314;-51.701469;,
  99.104762;14.657363;-60.271245;,
  95.571104;25.987731;-51.474922;,
  97.315482;18.635648;-54.241702;,
  85.275955;14.140243;-47.434944;,
  79.044691;18.607994;-50.287168;,
  70.089325;18.270027;-49.581581;,
  62.295149;11.434590;-54.093171;,
  85.721210;24.108955;-44.424176;,
  79.827072;17.219053;-44.173939;,
  72.620890;15.190067;-42.060570;,
  60.607078;16.455674;-40.634957;,
  62.295149;11.434590;-54.093171;,
  72.724922;24.360765;-38.830390;,
  73.986509;44.807082;-35.262992;,
  59.248122;28.853114;-37.823120;,
  50.856454;16.670435;-48.535523;,
  74.713133;63.616749;-26.519550;,
  92.981811;79.541274;-23.122563;,
  82.345754;92.755258;-15.908285;,
  66.201971;85.692109;-18.560451;,
  61.190694;51.664096;-36.752141;,
  58.919910;62.238701;-31.028301;,
  58.716070;91.401779;-23.503166;,
  56.632979;86.675206;-31.238566;,
  56.255386;68.645670;-39.272909;,
  55.232627;54.275098;-50.536592;,
  50.076739;31.278288;-45.848435;,
  49.890067;39.383958;-57.627206;,
  45.164144;27.180525;-62.705280;,
  47.413677;17.459128;-56.665990;,
  49.547414;20.505630;-65.901152;,
  55.222131;12.965970;-62.167885;,
  44.497552;8.897112;-70.568102;,
  41.214896;13.573838;-71.277133;,
  75.683379;11.425390;-107.148000;,
  62.715718;8.119678;-89.688883;,
  70.522918;11.723520;-109.745421;,
  74.266061;6.633816;-84.626170;,
  58.975226;9.747393;-71.170688;,
  44.497552;8.897112;-70.568102;,
  48.654198;6.541137;-75.866138;,
  55.222131;12.965970;-62.167885;,
  62.295149;11.434590;-54.093171;,
  77.794925;11.691314;-51.701469;,
  86.752870;10.300663;-59.757338;,
  87.429082;5.947992;-78.765971;,
  90.123642;11.376218;-98.341062;,
  94.541370;11.454676;-95.373830;,
  97.204333;6.087568;-73.657242;,
  105.980832;8.878790;-91.120947;,
  110.027661;9.539170;-86.348806;,
  -0.000000;193.270566;35.647325;,
  6.758528;182.306150;29.339914;,
  -0.000000;185.913395;25.575253;,
  2.854738;191.770995;36.309610;,
  5.405805;177.248205;34.953677;,
  -0.000000;188.584077;38.827248;,
  -0.000000;177.265382;35.691453;,
  2.818213;188.538458;38.724237;,
  -0.000000;193.270566;35.647325;,
  -0.000000;188.584077;38.827248;,
  57.863776;224.733286;19.606112;,
  51.336234;220.419379;24.712245;,
  44.547562;244.184141;8.412879;,
  42.500464;245.078144;10.283006;,
  51.225475;225.937203;28.093462;,
  45.107309;246.989133;9.454946;,
  56.686490;228.742170;27.318966;,
  57.863776;224.733286;19.606112;,
  44.547562;244.184141;8.412879;,
  -0.000000;138.684058;-67.777261;,
  0.000000;147.590822;-55.584493;,
  4.797484;141.347840;-62.507123;,
  14.862470;148.395686;-62.054163;,
  8.016466;153.886259;-55.497408;,
  18.032656;152.787213;-65.343424;,
  19.164886;155.592192;-61.161306;,
  20.259280;161.267328;-61.422701;,
  11.177476;167.139392;-54.550451;,
  21.688213;163.584883;-67.120096;,
  21.366424;170.219456;-60.890861;,
  19.192902;175.551501;-67.174726;,
  7.829042;174.119578;-56.697395;,
  25.354512;9.667987;-17.647835;,
  38.160266;10.631766;-18.650040;,
  31.282746;14.406485;-18.740150;,
  25.901902;0.134166;-14.159304;,
  39.432323;0.936483;-14.947544;,
  28.299136;-0.008533;-23.854667;,
  37.013507;0.745819;-23.834411;,
  38.160266;10.631766;-18.650040;,
  31.935357;-0.143070;-36.738752;,
  36.713517;5.674954;-27.636752;,
  31.282746;14.406485;-18.740150;,
  31.805597;6.495938;-32.741258;,
  27.699296;4.592269;-26.926954;,
  28.299136;-0.008533;-23.854667;,
  25.354512;9.667987;-17.647835;,
  25.901902;0.134166;-14.159304;,
  41.833034;9.784054;-21.018536;,
  54.048941;10.747834;-17.048237;,
  47.728461;14.522554;-19.761154;,
  41.004970;0.250234;-17.585786;,
  53.808672;1.052552;-13.140694;,
  46.927126;0.107535;-25.627850;,
  54.971597;0.861887;-22.277141;,
  54.048941;10.747834;-17.048237;,
  55.213350;-0.027003;-36.142608;,
  56.148243;5.791021;-25.905266;,
  47.728461;14.522554;-19.761154;,
  53.564986;6.612006;-32.498477;,
  47.547568;4.708337;-28.696038;,
  46.927126;0.107535;-25.627850;,
  41.833034;9.784054;-21.018536;,
  41.004970;0.250234;-17.585786;,
  3.992676;199.372710;-83.458342;,
  0.000000;187.165811;-98.198912;,
  0.000000;208.170496;-81.374061;,
  4.665378;191.909133;-90.182848;,
  6.705705;184.655859;-104.223360;,
  11.146374;185.428544;-96.451974;,
  19.864922;200.752064;-83.728883;,
  13.837317;203.561933;-81.395667;,
  20.018386;211.186829;-79.071443;,
  20.457906;188.249280;-84.845805;,
  23.168205;202.844224;-77.497978;,
  18.691397;188.523302;-77.718797;,
  13.546189;176.186022;-105.115936;,
  32.420406;201.415898;-71.787501;,
  29.002298;200.383181;-66.007859;,
  22.639706;176.260390;-90.960902;,
  36.858563;229.274726;-62.894432;,
  35.208662;228.724275;-59.409984;,
  38.387923;230.031360;-59.245856;,
  40.090122;227.924122;-60.745120;,
  38.086093;227.351987;-57.690074;,
  35.208662;228.724275;-59.409984;,
  29.002298;200.383181;-66.007859;,
  39.267642;205.392512;-65.048550;,
  36.384032;204.224819;-60.742298;,
  30.823792;189.061171;-66.822259;,
  18.691397;188.523302;-77.718797;,
  35.901299;190.554138;-71.947558;,
  29.298720;179.658829;-81.625862;,
  28.438035;177.662720;-78.506886;,
  20.678954;179.361357;-76.552077;,
  36.060822;178.171354;-82.017901;,
  27.039514;170.494170;-88.394496;,
  27.978112;169.293837;-82.222400;,
  11.569442;175.100723;-69.759437;,
  8.312938;186.397389;-79.472947;,
  0.000000;184.710861;-80.747718;,
  -0.000000;178.442611;-70.461459;,
  17.442110;166.719539;-67.945299;,
  0.000000;190.562189;-87.480582;,
  22.518693;157.762944;-76.534912;,
  12.466990;150.720371;-69.051904;,
  19.974067;147.570483;-77.097037;,
  26.195395;161.692621;-82.890214;,
  23.611339;161.591066;-90.900282;,
  15.680006;167.127168;-103.864058;,
  13.631187;151.759846;-102.318406;,
  18.425786;152.984269;-95.472819;,
  14.945610;146.411661;-99.329939;,
  12.594990;141.497830;-99.914592;,
  10.826871;143.106739;-102.097306;,
  6.990121;149.126003;-112.631962;,
  8.552540;138.839616;-104.359392;,
  5.360748;136.928179;-107.802381;,
  6.999144;133.019110;-104.124602;,
  1.946141;133.666061;-111.025446;,
  0.000000;136.369754;-114.598042;,
  0.000000;129.343501;-112.381888;,
  0.000000;148.985754;-115.328896;,
  0.000000;165.623808;-128.573773;,
  6.752682;167.984986;-125.482470;,
  5.358195;192.767987;-147.234829;,
  0.000000;189.875469;-149.725286;,
  0.000000;214.385894;-165.764506;,
  10.939353;173.866406;-115.615053;,
  0.000000;254.649754;-195.464474;,
  4.569232;214.738138;-163.517837;,
  0.000000;180.308070;-114.321958;,
  5.245843;190.536563;-136.353664;,
  0.000000;188.006182;-106.971936;,
  7.468327;191.286656;-103.209658;,
  0.000000;200.615872;-98.650374;,
  0.000000;191.537536;-135.071808;,
  4.172587;217.443072;-160.961485;,
  0.000000;218.147149;-159.250534;,
  0.000000;253.194701;-180.261389;,
  4.459794;247.566387;-182.073293;,
  0.000000;254.649754;-195.464474;,
  0.000000;247.566387;-182.073293;,
  -105.980845;8.878792;-91.120941;,
  -97.204339;6.087570;-73.657267;,
  -110.027661;9.539171;-86.348800;,
  -87.429101;5.947994;-78.765978;,
  -86.752883;10.300663;-59.757344;,
  -90.123654;11.376218;-98.341062;,
  -94.541382;11.454676;-95.373824;,
  -74.266067;6.633818;-84.626170;,
  -58.975232;9.747390;-71.170688;,
  -77.794938;11.691313;-51.701478;,
  -62.295162;11.434586;-54.093178;,
  -55.222150;12.965967;-62.167891;,
  -44.497555;8.897113;-70.568102;,
  -48.654205;6.541139;-75.866150;,
  -62.715718;8.119678;-89.688883;,
  -75.683373;11.425398;-107.147994;,
  -70.522906;11.723524;-109.745408;,
  -37.884166;143.180429;-54.737062;,
  -38.183322;156.963059;-56.086925;,
  -42.213027;134.407846;-50.025014;,
  -52.256432;131.187456;-48.751146;,
  -40.792653;168.491840;-55.140672;,
  -48.158896;172.448115;-53.078784;,
  -62.471226;129.834637;-46.852314;,
  -59.005568;123.607219;-47.902013;,
  -58.596685;176.772352;-39.960368;,
  -48.420858;177.743834;-53.786336;,
  -72.678240;126.455130;-42.752458;,
  -51.486390;184.336294;-49.795837;,
  -55.106138;183.945818;-43.370166;,
  -72.450259;128.817459;-35.934541;,
  -63.669926;190.382874;-31.688736;,
  -61.813446;180.145280;-20.510795;,
  -74.280614;121.317862;-31.068320;,
  -67.253357;130.009766;-19.956550;,
  -56.202643;168.583782;-12.981126;,
  -56.581190;187.587891;-17.759979;,
  -52.877306;187.464358;-13.587016;,
  -50.289952;183.593613;-11.205447;,
  -58.169280;126.458189;-15.414509;,
  -47.608218;171.124506;-6.859529;,
  -50.814704;135.391706;-6.236873;,
  -46.416726;145.675379;1.658594;,
  -44.589427;162.198989;0.773662;,
  -37.303373;-6.729177;-80.993286;,
  -28.869213;-6.040621;-77.163341;,
  -34.499664;-6.666111;-75.909638;,
  -33.331878;-6.288787;-85.291366;,
  -25.014677;-4.900723;-83.899994;,
  -35.303354;10.114579;-79.394419;,
  -34.706189;3.778072;-74.405568;,
  -28.869213;-6.040621;-77.163341;,
  -34.499664;-6.666111;-75.909638;,
  -40.260531;-0.103294;-73.707962;,
  -48.322323;5.084686;-69.582368;,
  -42.430038;13.726933;-68.319245;,
  -40.322211;26.539512;-77.867328;,
  -50.277840;13.934736;-81.007936;,
  -42.430038;13.726933;-68.319245;,
  -48.322323;5.084686;-69.582368;,
  -52.495507;4.430080;-75.829344;,
  -39.195984;3.658508;-82.584730;,
  -42.934202;-0.070303;-78.087488;,
  -48.322323;5.084686;-69.582368;,
  -37.303373;-6.729177;-80.993286;,
  -40.260531;-0.103294;-73.707962;,
  -34.499664;-6.666111;-75.909638;,
  -77.600314;-4.512697;-117.763571;,
  -72.265645;-3.709863;-124.588262;,
  -72.357907;-4.455721;-119.206362;,
  -80.644307;-3.938375;-122.303808;,
  -77.469229;-2.663143;-130.198835;,
  -75.571763;11.204862;-118.413901;,
  -70.948954;5.294484;-118.398848;,
  -72.265645;-3.709863;-124.588262;,
  -72.357907;-4.455721;-119.206362;,
  -71.557299;1.510639;-113.298368;,
  -68.659475;6.450577;-104.408960;,
  -66.153235;14.671592;-109.256819;,
  -75.144026;26.509614;-113.404723;,
  -80.279053;14.503418;-105.377357;,
  -66.153235;14.671592;-109.256819;,
  -68.659475;6.450577;-104.408960;,
  -76.123405;5.475556;-102.495046;,
  -79.379053;5.186407;-116.097254;,
  -76.129267;1.536768;-111.817805;,
  -68.659475;6.450577;-104.408960;,
  -77.600314;-4.512697;-117.763571;,
  -71.557299;1.510639;-113.298368;,
  -72.357907;-4.455721;-119.206362;,
  -100.731757;-3.333002;-104.728365;,
  -97.217325;-3.547727;-112.683379;,
  -96.022413;-3.874362;-107.392333;,
  -104.759264;-2.820576;-108.433267;,
  -103.336627;-2.094251;-115.399642;,
  -97.754918;11.895140;-107.412006;,
  -93.759130;5.734781;-107.887885;,
  -97.217325;-3.547727;-112.683379;,
  -96.022413;-3.874362;-107.392333;,
  -93.351296;2.419064;-102.452614;,
  -87.987187;7.722218;-95.041498;,
  -86.179693;15.284978;-101.116480;,
  -95.043405;27.564387;-104.087814;,
  -98.872243;16.728522;-93.944858;,
  -86.179693;15.284978;-101.116480;,
  -87.987187;7.722218;-95.041498;,
  -94.791366;7.594974;-91.298355;,
  -101.337811;6.587591;-103.620352;,
  -97.397658;2.983197;-99.921952;,
  -87.987187;7.722218;-95.041498;,
  -100.731757;-3.333002;-104.728365;,
  -93.351296;2.419064;-102.452614;,
  -96.022413;-3.874362;-107.392333;,
  -115.050944;-3.321251;-91.073606;,
  -113.418125;-4.076488;-98.858643;,
  -111.338637;-4.104567;-94.321440;,
  -119.368627;-2.951071;-93.663091;,
  -119.925005;-2.932394;-100.422950;,
  -112.718016;10.490243;-94.829562;,
  -109.248589;4.606742;-95.793696;,
  -113.418125;-4.076488;-98.858643;,
  -111.338637;-4.104567;-94.321440;,
  -107.895731;1.870650;-90.791680;,
  -101.577171;7.004624;-85.495360;,
  -100.995322;13.532174;-91.755706;,
  -109.330893;24.863147;-93.503302;,
  -111.002534;15.628658;-83.008627;,
  -100.995322;13.532174;-91.755706;,
  -101.577171;7.004624;-85.495360;,
  -106.975411;7.297042;-80.841043;,
  -115.226778;5.849336;-90.583373;,
  -111.037658;2.648322;-87.790528;,
  -101.577171;7.004624;-85.495360;,
  -115.050944;-3.321251;-91.073606;,
  -107.895731;1.870650;-90.791680;,
  -111.338637;-4.104567;-94.321440;,
  0.000000;143.815347;-49.829075;,
  -12.466990;150.720358;-69.051898;,
  -0.000000;143.048870;-68.375322;,
  -11.555386;152.914675;-49.763882;,
  -17.442110;166.719565;-67.945299;,
  -17.840150;170.077606;-52.261779;,
  -11.569442;175.100723;-69.759437;,
  -11.072126;178.167066;-53.355827;,
  0.000000;181.710784;-54.904416;,
  -0.000000;178.442611;-70.461459;,
  0.000000;208.170496;-81.374061;,
  -3.992676;199.372710;-83.458342;,
  0.000000;197.010253;-84.232890;,
  0.000000;190.562189;-87.480582;,
  -4.665378;191.909133;-90.182848;,
  -3.270950;189.221146;-84.577530;,
  -13.837317;203.561933;-81.395667;,
  -8.312938;186.397389;-79.472947;,
  0.000000;184.710861;-80.747718;,
  -16.920251;202.260211;-76.991475;,
  -20.018386;211.186829;-79.071443;,
  -19.864922;200.752064;-83.728883;,
  -23.168205;202.844224;-77.497978;,
  -18.691397;188.523302;-77.718797;,
  -11.569442;175.100723;-69.759437;,
  -0.000000;178.442611;-70.461459;,
  -20.678954;179.361357;-76.552077;,
  -30.823792;189.061171;-66.822259;,
  -29.002298;200.383181;-66.007859;,
  -28.438035;177.662720;-78.506886;,
  -36.384032;204.224819;-60.742298;,
  -27.978112;169.293837;-82.222400;,
  -17.442110;166.719565;-67.945299;,
  -38.086093;227.351987;-57.690074;,
  -35.208662;228.724275;-59.409984;,
  -38.387923;230.031360;-59.245856;,
  -39.267642;205.392512;-65.048550;,
  -40.090122;227.924122;-60.745120;,
  -36.858563;229.274726;-62.894432;,
  -35.208662;228.724275;-59.409984;,
  -29.002298;200.383181;-66.007859;,
  -32.420406;201.415859;-71.787488;,
  -18.691397;188.523302;-77.718797;,
  -35.901299;190.554125;-71.947546;,
  -20.457906;188.249280;-84.845805;,
  -23.168205;202.844224;-77.497978;,
  -29.298720;179.658829;-81.625862;,
  -19.864922;200.752064;-83.728883;,
  -36.060822;178.171354;-82.017901;,
  -13.837317;203.561933;-81.395667;,
  -20.018386;211.186829;-79.071443;,
  -4.665378;191.909133;-90.182848;,
  -22.639706;176.260390;-90.960902;,
  -11.146374;185.428544;-96.451974;,
  -27.039514;170.494170;-88.394496;,
  -13.546189;176.186022;-105.115936;,
  -26.195395;161.692621;-82.890214;,
  -22.518693;157.762944;-76.534912;,
  -12.466990;150.720358;-69.051898;,
  -19.974067;147.570483;-77.097037;,
  -23.611339;161.591066;-90.900294;,
  -15.680006;167.127168;-103.864058;,
  -13.631187;151.759846;-102.318406;,
  -18.425782;152.984256;-95.472806;,
  -14.945610;146.411661;-99.329939;,
  -10.826871;143.106739;-102.097306;,
  -12.594990;141.497830;-99.914592;,
  -6.990121;149.126003;-112.631962;,
  -8.552540;138.839616;-104.359392;,
  -5.360748;136.928179;-107.802381;,
  -6.999144;133.019110;-104.124602;,
  -1.946141;133.666061;-111.025446;,
  0.000000;136.369754;-114.598042;,
  0.000000;129.343501;-112.381888;,
  0.000000;148.985754;-115.328896;,
  0.000000;165.623808;-128.573773;,
  -6.752682;167.984986;-125.482470;,
  -5.358195;192.767987;-147.234829;,
  0.000000;189.875469;-149.725286;,
  0.000000;214.385894;-165.764506;,
  -10.939353;173.866406;-115.615053;,
  -5.245843;190.536563;-136.353664;,
  -4.569232;214.738138;-163.517837;,
  0.000000;254.649754;-195.464474;,
  0.000000;180.308070;-114.321958;,
  0.000000;191.537536;-135.071808;,
  0.000000;188.006182;-106.971936;,
  -4.172587;217.443072;-160.961485;,
  0.000000;218.147149;-159.250534;,
  0.000000;253.194701;-180.261389;,
  -4.459794;247.566387;-182.073293;,
  0.000000;254.649754;-195.464474;,
  0.000000;247.566387;-182.073293;,
  -7.468327;191.286656;-103.209658;,
  0.000000;200.615872;-98.650374;,
  -6.705705;184.655859;-104.223360;,
  0.000000;187.165811;-98.198912;,
  -3.992676;199.372710;-83.458342;,
  0.000000;208.170496;-81.374061;,
  37.884166;143.180454;-54.737056;,
  42.213027;134.407872;-50.025008;,
  38.183322;156.963072;-56.086925;,
  52.256432;131.187469;-48.751139;,
  40.792653;168.491853;-55.140666;,
  48.158896;172.448141;-53.078781;,
  62.471226;129.834650;-46.852314;,
  59.005568;123.607232;-47.902010;,
  58.596685;176.772365;-39.960368;,
  48.420858;177.743846;-53.786336;,
  72.678240;126.455142;-42.752454;,
  51.486390;184.336307;-49.795834;,
  55.106138;183.945830;-43.370166;,
  72.450259;128.817472;-35.934541;,
  63.669926;190.382886;-31.688733;,
  61.813453;180.145293;-20.510792;,
  74.280627;121.317875;-31.068320;,
  67.253357;130.009779;-19.956550;,
  56.202650;168.583795;-12.981126;,
  56.581190;187.587904;-17.759979;,
  52.877309;187.464371;-13.587014;,
  50.289955;183.593626;-11.205446;,
  58.169280;126.458202;-15.414509;,
