xof 0303txt 0032
template ColorRGBA {
 <35ff44e0-6c7c-11cf-8f52-0040333594a3>
 FLOAT red;
 FLOAT green;
 FLOAT blue;
 FLOAT alpha;
}

template ColorRGB {
 <d3e16e81-7835-11cf-8f52-0040333594a3>
 FLOAT red;
 FLOAT green;
 FLOAT blue;
}

template Material {
 <3d82ab4d-62da-11cf-ab39-0020af71e433>
 ColorRGBA faceColor;
 FLOAT power;
 ColorRGB specularColor;
 ColorRGB emissiveColor;
 [...]
}

template TextureFilename {
 <a42790e1-7810-11cf-8f52-0040333594a3>
 STRING filename;
}

template Frame {
 <3d82ab46-62da-11cf-ab39-0020af71e433>
 [...]
}

template Matrix4x4 {
 <f6f23f45-7686-11cf-8f52-0040333594a3>
 array FLOAT matrix[16];
}

template FrameTransformMatrix {
 <f6f23f41-7686-11cf-8f52-0040333594a3>
 Matrix4x4 frameMatrix;
}

template Vector {
 <3d82ab5e-62da-11cf-ab39-0020af71e433>
 FLOAT x;
 FLOAT y;
 FLOAT z;
}

template MeshFace {
 <3d82ab5f-62da-11cf-ab39-0020af71e433>
 DWORD nFaceVertexIndices;
 array DWORD faceVertexIndices[nFaceVertexIndices];
}

template Mesh {
 <3d82ab44-62da-11cf-ab39-0020af71e433>
 DWORD nVertices;
 array Vector vertices[nVertices];
 DWORD nFaces;
 array MeshFace faces[nFaces];
 [...]
}

template MeshNormals {
 <f6f23f43-7686-11cf-8f52-0040333594a3>
 DWORD nNormals;
 array Vector normals[nNormals];
 DWORD nFaceNormals;
 array MeshFace faceNormals[nFaceNormals];
}

template MeshMaterialList {
 <f6f23f42-7686-11cf-8f52-0040333594a3>
 DWORD nMaterials;
 DWORD nFaceIndexes;
 array DWORD faceIndexes[nFaceIndexes];
 [Material <3d82ab4d-62da-11cf-ab39-0020af71e433>]
}

template Coords2d {
 <f6f23f44-7686-11cf-8f52-0040333594a3>
 FLOAT u;
 FLOAT v;
}

template MeshTextureCoords {
 <f6f23f40-7686-11cf-8f52-0040333594a3>
 DWORD nTextureCoords;
 array Coords2d textureCoords[nTextureCoords];
}

template XSkinMeshHeader {
 <3cf169ce-ff7c-44ab-93c0-f78f62d172e2>
 WORD nMaxSkinWeightsPerVertex;
 WORD nMaxSkinWeightsPerFace;
 WORD nBones;
}

template SkinWeights {
 <6f0d123b-bad2-4167-a0d0-80224f25fabb>
 STRING transformNodeName;
 DWORD nWeights;
 array DWORD vertexIndices[nWeights];
 array FLOAT weights[nWeights];
 Matrix4x4 matrixOffset;
}

template AnimTicksPerSecond {
 <9e415a43-7ba6-4a73-8743-b73d47e88476>
 DWORD AnimTicksPerSecond;
}

template Animation {
 <3d82ab4f-62da-11cf-ab39-0020af71e433>
 [...]
}

template AnimationSet {
 <3d82ab50-62da-11cf-ab39-0020af71e433>
 [Animation <3d82ab4f-62da-11cf-ab39-0020af71e433>]
}

template FloatKeys {
 <10dd46a9-775b-11cf-8f52-0040333594a3>
 DWORD nValues;
 array FLOAT values[nValues];
}

template TimedFloatKeys {
 <f406b180-7b3b-11cf-8f52-0040333594a3>
 DWORD time;
 FloatKeys tfkeys;
}

template AnimationKey {
 <10dd46a8-775b-11cf-8f52-0040333594a3>
 DWORD keyType;
 DWORD nKeys;
 array TimedFloatKeys keys[nKeys];
}


Material MI_Zaken {
 1.000000;1.000000;1.000000;1.000000;;
 10.000000;
 0.000000;0.000000;0.000000;;
 0.000000;0.000000;0.000000;;

 TextureFilename {
  "zaken_dn.tga";
 }
}

Frame Root {
 

 FrameTransformMatrix {
  -1.000000,-0.000345,0.000345,0.000000,0.000345,0.000000,1.000000,0.000000,-0.000345,1.000000,0.000000,0.000000,0.000000,-0.000215,-0.000389,1.000000;;
 }

 Frame Bone32 {
  

  FrameTransformMatrix {
   -0.994499,0.026568,0.101317,0.000000,0.099467,-0.063548,0.993010,0.000000,0.032821,0.997625,0.060556,0.000000,23.997166,21.043179,58.588653,1.000000;;
  }
 }

 Frame Bone56 {
  

  FrameTransformMatrix {
   -1.000000,0.000000,-0.000000,0.000000,0.000000,0.390731,0.920505,0.000000,0.000000,0.920505,-0.390731,0.000000,24.061203,-26.183621,65.713587,1.000000;;
  }
 }

 Frame Bone55 {
  

  FrameTransformMatrix {
   -0.916470,-0.309311,0.253789,0.000000,0.004817,-0.642793,-0.766024,0.000000,0.400074,-0.700816,0.590591,0.000000,14.784307,-29.748720,44.161632,1.000000;;
  }
 }

 Frame Bone33 {
  

  FrameTransformMatrix {
   -0.967773,-0.195871,-0.158276,0.000000,0.251780,-0.740575,-0.623021,0.000000,0.004817,-0.642793,0.766024,0.000000,15.064312,32.350979,39.286467,1.000000;;
  }
 }

 Frame Bone12 {
  

  FrameTransformMatrix {
   -0.933493,-0.358411,-0.011454,0.000000,-0.013653,0.003607,0.999900,0.000000,-0.358334,0.933557,-0.008260,0.000000,14.568270,0.015628,73.161050,1.000000;;
  }
 }

 Frame Bip01 {
  

  FrameTransformMatrix {
   -0.865329,-0.497400,-0.061628,0.000000,-0.066110,-0.008613,0.997775,0.000000,-0.496824,0.867478,-0.025430,0.000000,4.490790,1.144508,33.092874,1.000000;;
  }

  Frame Bip01-Pelvis {
   

   FrameTransformMatrix {
    0.000061,1.000000,-0.000061,0.000000,-0.000061,0.000061,1.000000,0.000000,1.000000,-0.000061,0.000061,0.000000,-0.023227,0.000000,0.000000,1.000000;;
   }

   Frame Bip01-Spine {
    

    FrameTransformMatrix {
     1.000000,-0.000000,-0.000000,0.000000,-0.000000,1.000000,-0.000000,0.000000,-0.000000,-0.000000,1.000000,0.000000,4.019050,0.000000,-0.000916,1.000000;;
    }

    Frame Bip01-Spine1 {
     

     FrameTransformMatrix {
      0.998387,-0.004056,-0.056627,0.000000,0.008260,0.997208,0.074209,0.000000,0.056168,-0.074558,0.995634,0.000000,1.152233,0.000298,-0.004001,1.000000;;
     }

     Frame Bip01-Spine2 {
      

      FrameTransformMatrix {
       0.978294,-0.016111,-0.206596,0.000000,0.101613,0.906183,0.410497,0.000000,0.180600,-0.422580,0.888150,0.000000,5.045426,0.002251,-0.004737,1.000000;;
      }

      Frame Bip01-Neck {
       

       FrameTransformMatrix {
        1.000000,-0.000000,-0.000000,0.000000,0.000000,1.000000,0.000000,0.000000,0.000000,0.000000,1.000000,0.000000,6.698524,0.000000,-0.001591,1.000000;;
       }

       Frame Bip01-Head {
        

        FrameTransformMatrix {
         0.719117,0.191605,0.667950,0.000000,0.010007,0.958278,-0.285662,0.000000,-0.694816,0.212109,0.687197,0.000000,1.998528,-0.000000,-0.000001,1.000000;;
        }

        Frame Bip01-Ponytail1 {
         

         FrameTransformMatrix {
          -0.787802,0.000000,0.615928,0.000000,-0.000000,1.000000,-0.000000,0.000000,-0.615928,0.000000,-0.787802,0.000000,1.357719,0.000000,0.240517,1.000000;;
         }

         Frame Bip01-Ponytail11 {
          

          FrameTransformMatrix {
           0.558286,-0.000000,-0.829649,0.000000,0.000000,1.000000,-0.000000,0.000000,0.829649,0.000000,0.558286,0.000000,1.456623,0.000000,-0.000664,1.000000;;
          }
         }
        }

        Frame Bone15 {
         

         FrameTransformMatrix {
          -0.910410,-0.061225,0.409153,0.000000,0.050939,0.964874,0.257727,0.000000,-0.410560,0.255479,-0.875312,0.000000,2.744164,1.745390,0.486198,1.000000;;
         }

         Frame Bone16 {
          

          FrameTransformMatrix {
           0.934739,-0.000000,-0.355335,0.000000,-0.000000,1.000000,-0.000000,0.000000,0.355335,-0.000000,0.934739,0.000000,2.822746,0.000000,0.000000,1.000000;;
          }
         }
        }

        Frame Bone29 {
         

         FrameTransformMatrix {
          -0.910410,0.061227,0.409153,0.000000,-0.050939,0.964874,-0.257730,0.000000,-0.410561,-0.255482,-0.875311,0.000000,2.744171,-1.745386,0.486202,1.000000;;
         }

         Frame Bone30 {
          

          FrameTransformMatrix {
           0.934739,0.000000,-0.355335,0.000000,0.000000,1.000000,0.000000,0.000000,0.355335,-0.000000,0.934739,0.000000,2.822750,0.000000,0.000000,1.000000;;
          }
         }
        }
       }

       Frame Bip01-L-Clavicle {
        

        FrameTransformMatrix {
         -0.453772,0.721100,-0.523551,0.000000,0.891118,0.366771,-0.267186,0.000000,-0.000644,-0.587787,-0.809015,0.000000,-0.875752,1.767121,0.008531,1.000000;;
        }

        Frame Bip01-L-UpperArm {
         

         FrameTransformMatrix {
          0.866081,-0.425203,0.262880,0.000000,0.499120,0.764932,-0.407133,0.000000,-0.027971,0.483819,0.874721,0.000000,3.987802,0.000000,0.000000,1.000000;;
         }

         Frame Bip01-L-Forearm {
          

          FrameTransformMatrix {
           0.855781,-0.000000,-0.517339,0.000000,0.000000,1.000000,0.000000,0.000000,0.517339,-0.000000,0.855781,0.000000,8.301573,0.000002,0.000000,1.000000;;
          }

          Frame Bip01-L-Hand {
           

           FrameTransformMatrix {
            0.898524,-0.142510,-0.415146,0.000000,0.438751,0.265003,0.858645,0.000000,-0.012351,-0.953658,0.300638,0.000000,9.330769,-0.000002,0.000000,1.000000;;
           }

           Frame Bip01-L-Finger0 {
            

            FrameTransformMatrix {
             0.984178,-0.144051,0.103170,0.000000,0.103519,-0.005096,-0.994615,0.000000,0.143801,0.989557,0.009897,0.000000,1.990564,-1.838675,1.196899,1.000000;;
            }
           }

           Frame Bip01-L-Finger1 {
            

            FrameTransformMatrix {
             0.454457,0.066139,0.888310,0.000000,-0.724385,0.607800,0.325340,0.000000,-0.518397,-0.791331,0.324129,0.000000,3.339725,0.066040,-0.253246,1.000000;;
            }
           }

           Frame Bow-Bone {
            

            FrameTransformMatrix {
             0.692243,-0.721643,-0.005591,0.000000,0.095448,0.083874,0.991895,0.000000,-0.715325,-0.687166,0.126941,0.000000,3.659857,-1.296154,0.891354,1.000000;;
            }
           }
          }
         }
        }
       }

       Frame Bip01-R-Clavicle {
        

        FrameTransformMatrix {
         -0.291769,-0.951274,-0.099748,0.000000,-0.956488,0.290092,0.031250,0.000000,-0.000791,0.104526,-0.994522,0.000000,-0.875752,-1.767120,0.008542,1.000000;;
        }

        Frame Bip01-R-UpperArm {
         

         FrameTransformMatrix {
          0.798052,0.524555,0.296573,0.000000,-0.407704,0.832441,-0.375259,0.000000,-0.443723,0.178563,0.878194,0.000000,3.987800,-0.000004,-0.000001,1.000000;;
         }

         Frame Bip01-R-Forearm {
          

          FrameTransformMatrix {
           0.973875,-0.000000,-0.227086,0.000000,-0.000000,1.000000,0.000000,0.000000,0.227086,0.000000,0.973875,0.000000,8.301578,-0.000004,0.000001,1.000000;;
          }

          Frame Bip01-R-Hand {
           

           FrameTransformMatrix {
            0.883116,0.424060,-0.200696,0.000000,0.082458,-0.561420,-0.823413,0.000000,-0.461851,0.710621,-0.530766,0.000000,9.330777,-0.000004,0.000000,1.000000;;
           }

           Frame Bip01-R-Finger0 {
            

            FrameTransformMatrix {
             0.984178,0.144051,0.103171,0.000000,-0.103519,-0.005096,0.994615,0.000000,0.143801,-0.989557,0.009897,0.000000,1.990562,1.838678,1.196894,1.000000;;
            }
           }

           Frame Bip01-R-Finger1 {
            

            FrameTransformMatrix {
             0.315114,-0.123198,0.941024,0.000000,0.675395,0.725699,-0.131157,0.000000,-0.666742,0.676892,0.311885,0.000000,3.339720,-0.066036,-0.253246,1.000000;;
            }
           }

           Frame Sword-Bone {
            

            FrameTransformMatrix {
             0.692243,0.721643,-0.005591,0.000000,-0.095448,0.083874,-0.991895,0.000000,-0.715325,0.687166,0.126941,0.000000,3.659859,1.296116,0.891352,1.000000;;
            }
           }
          }
         }
        }
       }
      }
     }
    }

    Frame Bip01-L-Thigh {
     

     FrameTransformMatrix {
      -0.980681,0.151902,0.123249,0.000000,-0.148110,-0.988185,0.039425,0.000000,0.127782,0.020409,0.991592,0.000000,-4.019054,2.302356,0.004110,1.000000;;
     }

     Frame Bip01-L-Calf {
      

      FrameTransformMatrix {
       0.990653,0.000000,-0.136403,0.000000,0.000000,1.000000,-0.000000,0.000000,0.136403,0.000000,0.990653,0.000000,13.414970,0.000000,0.000000,1.000000;;
      }

      Frame Bip01-L-Foot {
       

       FrameTransformMatrix {
        0.985540,0.147932,0.082630,0.000000,-0.144661,0.988489,-0.044300,0.000000,-0.088232,0.031706,0.995596,0.000000,15.719650,0.000001,0.000000,1.000000;;
       }
      }
     }
    }

    Frame Bip01-R-Thigh {
     

     FrameTransformMatrix {
      -0.992832,-0.092162,-0.076094,0.000000,0.114228,-0.919024,-0.377289,0.000000,-0.035160,-0.383277,0.922964,0.000000,-4.019050,-2.302356,0.004124,1.000000;;
     }

     Frame Bip01-R-Calf {
      

      FrameTransformMatrix {
       0.999996,0.000000,-0.002808,0.000000,0.000000,1.000000,0.000000,0.000000,0.002808,0.000000,0.999996,0.000000,13.414970,0.000001,-0.000000,1.000000;;
      }

      Frame Bip01-R-Foot {
       

       FrameTransformMatrix {
        0.982098,-0.176810,0.064972,0.000000,0.179652,0.982883,-0.040818,0.000000,-0.056643,0.051760,0.997052,0.000000,15.719646,0.000001,-0.000000,1.000000;;
       }
      }
     }
    }

    Frame Bone08 {
     

     FrameTransformMatrix {
      1.000000,-0.000000,-0.000777,0.000000,0.000777,0.000066,1.000000,0.000000,0.000000,-1.000000,0.000066,0.000000,-4.441414,0.000000,0.004131,1.000000;;
     }

     Frame Bone09 {
      

      FrameTransformMatrix {
       1.000000,0.000000,0.000000,0.000000,0.000000,1.000000,-0.000000,0.000000,0.000000,-0.000000,1.000000,0.000000,4.662903,0.000000,0.000000,1.000000;;
      }
     }

     Frame Bone01 {
      

      FrameTransformMatrix {
       -0.926084,-0.199316,-0.320378,0.000000,-0.189379,0.979931,-0.062223,0.000000,0.326351,0.003050,-0.945244,0.000000,4.071064,0.727882,-4.148287,1.000000;;
      }

      Frame Bone02 {
       

       FrameTransformMatrix {
        0.996915,0.000000,-0.078494,0.000000,-0.000000,1.000000,0.000000,0.000000,0.078494,0.000000,0.996914,0.000000,7.716845,-0.000001,0.000001,1.000000;;
       }

       Frame Bone18 {
        

        FrameTransformMatrix {
         0.999922,0.000000,0.012512,0.000000,0.000000,1.000000,-0.000000,0.000000,-0.012512,-0.000000,0.999922,0.000000,8.094797,-0.000002,0.000001,1.000000;;
        }

        Frame Bone03 {
         

         FrameTransformMatrix {
          0.999990,0.000000,0.004395,0.000000,0.000000,1.000000,0.000000,0.000000,-0.004395,-0.000000,0.999990,0.000000,8.056688,0.000001,0.000000,1.000000;;
         }

         Frame Bone42 {
          

          FrameTransformMatrix {
           1.000000,0.000000,0.000000,0.000000,0.000000,1.000000,0.000000,0.000000,-0.000000,0.000000,1.000000,0.000000,7.073382,-0.000001,0.000000,1.000000;;
          }
         }
        }
       }
      }
     }

     Frame Bone05 {
      

      FrameTransformMatrix {
       -0.940451,-0.305570,-0.148923,0.000000,-0.010272,0.463448,-0.886065,0.000000,0.339773,-0.831771,-0.438989,0.000000,4.122917,-2.318591,-2.491046,1.000000;;
      }

      Frame Bone11 {
       

       FrameTransformMatrix {
        0.999831,-0.000000,-0.018371,0.000000,0.000000,1.000000,-0.000000,0.000000,0.018371,0.000000,0.999831,0.000000,7.965822,-0.000000,0.000000,1.000000;;
       }

       Frame Bone06 {
        

        FrameTransformMatrix {
         0.999886,0.000000,-0.015137,0.000000,0.000000,1.000000,0.000000,0.000000,0.015137,-0.000000,0.999886,0.000000,7.964964,-0.000001,-0.000002,1.000000;;
        }

        Frame Bone07 {
         

         FrameTransformMatrix {
          0.999982,-0.000000,-0.006104,0.000000,0.000000,1.000000,-0.000000,0.000000,0.006104,0.000000,0.999981,0.000000,8.045580,0.000000,-0.000002,1.000000;;
         }

         Frame Bone13 {
          

          FrameTransformMatrix {
           1.000000,-0.000000,0.000000,0.000000,0.000000,1.000000,-0.000000,0.000000,0.000000,-0.000000,1.000000,0.000000,7.135278,0.000001,0.000002,1.000000;;
          }
         }
        }
       }
      }
     }

     Frame Bone14 {
      

      FrameTransformMatrix {
       -0.950458,-0.310852,-0.000310,0.000000,0.000310,0.000049,-1.000000,0.000000,0.310852,-0.950458,0.000049,0.000000,4.194004,-3.412397,0.000000,1.000000;;
      }

      Frame Bone19 {
       

       FrameTransformMatrix {
        0.999966,-0.000000,-0.008301,0.000000,0.000000,1.000000,0.000000,0.000000,0.008301,0.000000,0.999966,0.000000,7.812273,0.000000,0.000000,1.000000;;
       }

       Frame Bone20 {
        

        FrameTransformMatrix {
         0.999890,0.000000,0.014832,0.000000,0.000000,1.000000,-0.000000,0.000000,-0.014832,0.000000,0.999890,0.000000,8.078089,0.000001,0.000000,1.000000;;
        }

        Frame Bone21 {
         

         FrameTransformMatrix {
          0.999325,-0.000000,-0.036738,0.000000,-0.000000,1.000000,-0.000000,0.000000,0.036738,-0.000000,0.999325,0.000000,8.111046,0.000000,0.000000,1.000000;;
         }

         Frame Bone22 {
          

          FrameTransformMatrix {
           0.999790,-0.000000,0.020507,0.000000,0.000000,1.000000,-0.000000,0.000000,-0.020507,0.000000,0.999790,0.000000,6.889614,-0.000000,0.000002,1.000000;;
          }
         }
        }
       }
      }
     }

     Frame Bone49 {
      

      FrameTransformMatrix {
       -0.940567,-0.305383,0.148575,0.000000,0.010488,-0.463401,-0.886087,0.000000,0.339445,-0.831866,0.439062,0.000000,4.122921,-2.318595,2.491043,1.000000;;
      }

      Frame Bone50 {
       

       FrameTransformMatrix {
        0.999832,-0.000000,-0.018371,0.000000,-0.000000,1.000000,0.000000,0.000000,0.018371,-0.000000,0.999831,0.000000,7.965824,-0.000000,0.000000,1.000000;;
       }

       Frame Bone51 {
        

        FrameTransformMatrix {
         0.999885,0.000000,-0.015137,0.000000,-0.000000,1.000000,-0.000000,0.000000,0.015137,-0.000000,0.999885,0.000000,7.964963,0.000000,-0.000004,1.000000;;
        }

        Frame Bone52 {
         

         FrameTransformMatrix {
          0.999982,-0.000000,-0.006104,0.000000,0.000000,1.000000,0.000000,0.000000,0.006104,-0.000000,0.999982,0.000000,8.045577,-0.000000,0.000000,1.000000;;
         }

         Frame Bone53 {
          

          FrameTransformMatrix {
           1.000000,0.000000,0.000000,0.000000,0.000000,1.000000,-0.000000,0.000000,-0.000000,0.000000,1.000000,0.000000,7.135278,-0.000000,-0.000002,1.000000;;
          }
         }
        }
       }
      }
     }

     Frame Bone43 {
      

      FrameTransformMatrix {
       -0.944668,-0.034878,0.326167,0.000000,0.033951,-0.999387,-0.008535,0.000000,0.326264,0.003011,0.945274,0.000000,4.071068,0.727875,4.148288,1.000000;;
      }

      Frame Bone44 {
       

       FrameTransformMatrix {
        0.996915,0.000000,-0.078494,0.000000,-0.000000,1.000000,-0.000000,0.000000,0.078494,0.000000,0.996915,0.000000,7.716852,0.000000,-0.000002,1.000000;;
       }

       Frame Bone45 {
        

        FrameTransformMatrix {
         0.999922,-0.000000,0.012512,0.000000,0.000000,1.000000,-0.000000,0.000000,-0.012512,-0.000000,0.999922,0.000000,8.094797,-0.000001,-0.000001,1.000000;;
        }

        Frame Bone46 {
         

         FrameTransformMatrix {
          0.999991,0.000000,0.004395,0.000000,-0.000000,1.000000,0.000000,0.000000,-0.004395,-0.000000,0.999991,0.000000,8.056685,0.000002,0.000000,1.000000;;
         }

         Frame Bone47 {
          

          FrameTransformMatrix {
           1.000000,0.000000,0.000000,0.000000,-0.000000,1.000000,-0.000000,0.000000,-0.000000,0.000000,1.000000,0.000000,7.073383,-0.000000,-0.000002,1.000000;;
          }
         }
        }
       }
      }
     }
    }
   }
  }
 }
}

Frame Zaken {
 

 FrameTransformMatrix {
  1.000000,0.000000,0.000000,0.000000,0.000000,1.000000,0.000000,0.000000,0.000000,0.000000,1.000000,0.000000,0.000000,0.000000,0.000000,1.000000;;
 }

 Mesh Zaken {
  2302;
  -2.647489;48.588352;-3.656947;,
  -2.146920;46.518112;-5.196274;,
  -2.829009;46.388454;-4.431080;,
  -2.829009;46.388454;-4.431080;,
  -3.037225;48.170042;-2.697000;,
  -2.647489;48.588352;-3.656947;,
  3.216273;43.954973;-5.122291;,
  2.146921;46.518112;-5.196274;,
  2.829008;46.388454;-4.431081;,
  2.647489;48.588349;-3.656948;,
  2.829008;46.388454;-4.431081;,
  2.146921;46.518112;-5.196274;,
  2.829008;46.388454;-4.431081;,
  2.647489;48.588349;-3.656948;,
  3.037226;48.170042;-2.696999;,
  1.480933;53.444608;-3.034052;,
  1.894987;54.677856;-2.174430;,
  1.894987;54.677856;-2.174430;,
  -16.946616;51.940118;11.534113;,
  22.767994;40.184586;10.814989;,
  22.551899;39.477776;10.814991;,
  -16.946616;51.940118;11.534113;,
  22.551899;39.477776;10.814991;,
  22.522675;39.382179;12.269329;,
  -12.716808;36.770451;11.534121;,
  18.772350;63.675418;10.814991;,
  19.247438;63.109229;10.814991;,
  -12.716808;36.770451;11.534121;,
  19.247438;63.109229;10.814991;,
  19.311690;63.032653;12.269326;,
  0.011624;29.268701;11.534115;,
  -0.357930;70.684966;10.814989;,
  0.381178;70.684960;10.814991;,
  0.011624;29.268701;11.534115;,
  0.381178;70.684960;10.814991;,
  0.481141;70.684966;12.269326;,
  -19.247435;63.109216;10.814991;,
  -18.772349;63.675398;10.814991;,
  12.716802;36.770467;11.534122;,
  -19.311685;63.032640;12.269329;,
  -19.247435;63.109216;10.814991;,
  12.716802;36.770467;11.534122;,
  -22.551901;39.477776;10.814995;,
  -22.767995;40.184586;10.814991;,
  16.946621;51.940141;11.534111;,
  -22.522677;39.382182;12.269327;,
  -22.551901;39.477776;10.814995;,
  16.946621;51.940141;11.534111;,
  0.000000;36.577043;-7.378551;,
  0.000000;33.092285;-7.378554;,
  -1.951136;33.092285;-7.378550;,
  -1.951134;36.577043;-7.378551;,
  0.000000;36.577043;-7.378551;,
  1.951136;33.092285;-7.378550;,
  0.000000;33.092285;-7.378554;,
  1.951135;36.577043;-7.378550;,
  14.909149;24.285637;-4.694805;,
  15.944592;23.515190;-3.173506;,
  14.638584;23.191538;-3.756628;,
  16.215155;24.609290;-4.111685;,
  -14.638584;23.191538;-3.756626;,
  -15.944592;23.515190;-3.173505;,
  -14.909147;24.285637;-4.694803;,
  -16.215155;24.609288;-4.111683;,
  -16.946616;51.940118;11.534113;,
  22.797222;40.280182;12.269327;,
  22.767994;40.184586;10.814989;,
  22.522675;39.382179;12.269329;,
  21.545360;40.171942;10.544651;,
  21.545365;40.171942;12.539666;,
  21.859634;41.199875;11.542158;,
  21.231091;39.144010;11.542158;,
  -12.716808;36.770451;11.534121;,
  18.708098;63.751994;12.269329;,
  18.772350;63.675418;10.814991;,
  19.311690;63.032653;12.269326;,
  18.117062;62.643142;10.544651;,
  18.117062;62.643142;12.539666;,
  17.426130;63.466566;11.542160;,
  18.807990;61.819725;11.542160;,
  0.011624;29.268701;11.534115;,
  -0.457887;70.684966;12.269326;,
  -0.357930;70.684966;10.814989;,
  0.481141;70.684966;12.269326;,
  0.011626;69.519456;10.544649;,
  0.011627;69.519456;12.539667;,
  -1.063276;69.519456;11.542156;,
  1.086528;69.519456;11.542156;,
  -18.772349;63.675398;10.814991;,
  -18.708094;63.751974;12.269327;,
  12.716802;36.770467;11.534122;,
  -19.311685;63.032640;12.269329;,
  -17.426125;63.466554;11.542160;,
  -18.117054;62.643130;12.539669;,
  -18.117053;62.643130;10.544653;,
  -18.807990;61.819712;11.542158;,
  -22.767995;40.184586;10.814991;,
  -22.797226;40.280182;12.269327;,
  16.946621;51.940141;11.534111;,
  -22.522677;39.382182;12.269327;,
  -21.859642;41.199882;11.542156;,
  -21.545366;40.171942;12.539666;,
  -21.545366;40.171949;10.544649;,
  -21.231096;39.144013;11.542160;,
  -0.000000;33.331030;-5.706036;,
  -1.007064;33.727146;-7.378553;,
  0.000000;33.331030;-7.378551;,
  -1.403718;34.651626;-6.459004;,
  -1.484092;34.959507;-7.378554;,
  -0.924381;35.933174;-7.378553;,
  -0.000000;36.316067;-5.706036;,
  0.000000;36.316064;-7.378554;,
  -2.326824;48.555558;-3.637307;,
  -3.503742;50.879066;-2.997305;,
  -2.797663;50.443005;-3.902444;,
  -2.894859;49.069190;-2.630868;,
  -3.978814;51.336624;-1.500824;,
  -3.247787;49.457299;-1.066564;,
  -3.037225;48.170042;-2.697000;,
  -2.647489;48.588352;-3.656947;,
  -4.427141;48.956605;-0.475835;,
  -0.000000;51.634381;3.004154;,
  -2.054870;51.663421;1.958059;,
  -0.000000;49.420592;2.028183;,
  -1.558424;49.387408;1.436791;,
  -3.569861;51.528128;0.342400;,
  -2.934665;49.616784;0.181118;,
  -3.978814;51.336624;-1.500824;,
  -4.037754;48.857728;1.135057;,
  -3.247787;49.457299;-1.066564;,
  -4.427141;48.956605;-0.475835;,
  -1.054691;39.401286;-6.451933;,
  -0.705413;37.229731;-7.172100;,
  -1.123300;37.394506;-6.721668;,
  -0.634384;39.415779;-6.776034;,
  0.000000;37.229722;-7.309206;,
  0.000000;39.415818;-6.913142;,
  -0.000000;31.012950;-3.494099;,
  -0.000000;31.771277;-0.173188;,
  -0.494147;30.647770;-3.116592;,
  -0.751606;31.705587;0.166607;,
  -0.000000;32.913552;0.905109;,
  -2.403183;33.088630;0.949867;,
  -0.000000;36.348749;0.177897;,
  -2.574203;31.870426;0.574884;,
  -1.897730;36.545277;-0.129250;,
  -0.000000;38.059613;-0.451546;,
  -1.368518;38.091773;-0.547866;,
  -3.759941;33.732886;-0.221061;,
  -3.932683;32.034858;-0.285357;,
  -3.167003;36.548618;-0.766156;,
  -2.960345;38.084339;-1.468851;,
  -4.303726;34.455062;-3.042939;,
  -4.860585;32.968422;-2.930175;,
  -3.794848;36.356266;-3.160500;,
  -3.982340;38.038877;-2.949100;,
  4.872001;43.426154;-1.670849;,
  5.289140;44.186666;-2.585491;,
  5.000949;43.666774;-0.940016;,
  4.994640;44.138595;-2.819254;,
  5.562108;45.022614;-3.054028;,
  5.053017;44.782870;-3.241448;,
  4.893494;46.567693;-2.851152;,
  2.829008;46.388454;-4.431081;,
  3.037226;48.170042;-2.696999;,
  5.656937;46.589008;-2.666762;,
  6.363835;46.682979;-2.693794;,
  4.762462;48.145760;-1.780802;,
  4.427145;48.956605;-0.475824;,
  5.767315;48.051606;-1.435312;,
  6.806069;48.045293;-1.677073;,
  5.580708;48.656067;-0.274152;,
  7.303672;48.606243;-0.176753;,
  7.165453;-0.050438;2.718391;,
  6.272550;-0.050438;0.439936;,
  8.865616;-0.050438;2.692085;,
  9.836723;-0.050436;0.499268;,
  6.407597;0.507710;-0.654650;,
  9.867731;0.390394;-0.181520;,
  10.152767;-0.050438;-1.203933;,
  6.333763;0.113350;-1.448047;,
  6.091006;-0.050415;-3.872948;,
  10.329592;-0.050413;-3.721970;,
  9.818386;-0.050390;-5.928190;,
  6.610686;-0.050392;-5.983538;,
  8.177078;-0.050390;-6.337682;,
  0.263465;50.331216;-3.184828;,
  -0.000000;50.574150;-2.403572;,
  0.000000;50.306573;-3.238564;,
  0.588586;50.545027;-2.807659;,
  0.763740;50.869475;-1.885232;,
  0.994045;50.908413;-2.191055;,
  1.339750;51.293574;-1.961596;,
  1.531232;51.814554;-1.645462;,
  1.507382;51.711795;-1.946474;,
  1.777420;52.490707;-1.584701;,
  0.000000;50.306573;-3.238564;,
  -0.000000;50.574150;-2.403572;,
  -0.263465;50.331216;-3.184828;,
  -0.588586;50.545027;-2.807659;,
  -0.763740;50.869475;-1.885232;,
  -0.994045;50.908413;-2.191055;,
  -1.339750;51.293574;-1.961596;,
  -1.531232;51.814554;-1.645462;,
  -1.507382;51.711795;-1.946474;,
  -1.777420;52.490707;-1.584701;,
  15.636822;24.680912;-2.728182;,
  15.312090;24.427042;-4.516968;,
  14.808690;25.176635;-3.820675;,
  16.146077;23.901094;-3.497845;,
  32.769277;-2.055746;-29.116803;,
  19.561856;17.422235;-9.320876;,
  18.943733;18.046294;-10.011980;,
  16.146077;23.901094;-3.497845;,
  14.801034;23.930234;-4.419928;,
  16.092968;23.837346;-3.494350;,
  15.636822;24.680912;-2.728182;,
  15.553800;23.190107;-3.458850;,
  14.266661;24.689210;-3.698606;,
  14.948181;24.061640;-2.573093;,
  -9.818694;-0.050402;-5.928183;,
  -8.177119;-0.050402;-6.337681;,
  -6.610474;-0.050402;-5.983542;,
  -6.090862;-0.050419;-3.872952;,
  -10.329793;-0.050419;-3.721966;,
  -10.152770;-0.050438;-1.203934;,
  -6.333762;0.113350;-1.448047;,
  -6.407596;0.507710;-0.654650;,
  -9.867734;0.390394;-0.181520;,
  -9.836726;-0.050438;0.499268;,
  -6.272549;-0.050438;0.439936;,
  -8.865618;-0.050440;2.692087;,
  -7.165453;-0.050440;2.718393;,
  -3.761023;22.399070;-5.173664;,
  -1.511882;23.482493;-3.821737;,
  -2.083295;21.921438;-3.488199;,
  -3.106867;23.962059;-5.443447;,
  -5.697374;23.243576;-4.925220;,
  -5.160182;24.903237;-5.242396;,
  -6.693217;25.517261;-3.618444;,
  -7.042861;23.809467;-3.406189;,
  -7.227645;23.875853;-1.599709;,
  -6.830904;25.619446;-1.579307;,
  -6.279045;23.694245;0.480436;,
  -5.893866;25.407336;0.937763;,
  -4.055904;24.798950;1.814259;,
  -4.557319;23.185883;1.768808;,
  -2.327292;22.313189;0.046812;,
  -1.768975;23.829222;0.134716;,
  -1.511882;23.482493;-3.821737;,
  -2.083295;21.921438;-3.488199;,
  -4.872019;43.426166;-1.670835;,
  -5.001015;43.666806;-0.940011;,
  -5.289182;44.186688;-2.585404;,
  -4.994654;44.138608;-2.819228;,
  -5.562123;45.022627;-3.053919;,
  -5.053026;44.782883;-3.241417;,
  -4.893496;46.567699;-2.851122;,
  -2.829008;46.388454;-4.431080;,
  -3.037225;48.170042;-2.697000;,
  -5.656923;46.589008;-2.666706;,
  -6.363768;46.682957;-2.693678;,
  -4.762456;48.145757;-1.780790;,
  -4.427141;48.956602;-0.475835;,
  -5.767282;48.051594;-1.435299;,
  -6.805946;48.045238;-1.677028;,
  -5.580669;48.656045;-0.274179;,
  -7.303510;48.606160;-0.176808;,
  2.326825;48.555558;-3.637308;,
  2.797664;50.443002;-3.902444;,
  3.503743;50.879059;-2.997305;,
  2.894859;49.069190;-2.630868;,
  3.978813;51.336624;-1.500824;,
  3.247787;49.457299;-1.066564;,
  3.037226;48.170042;-2.696999;,
  2.647489;48.588349;-3.656948;,
  4.427145;48.956605;-0.475824;,
  -0.000000;51.634381;3.004154;,
  -0.000000;49.420592;2.028183;,
  2.054870;51.663421;1.958059;,
  1.558424;49.387405;1.436791;,
  3.569861;51.528128;0.342396;,
  2.934666;49.616784;0.181118;,
  3.978813;51.336624;-1.500824;,
  4.037749;48.857731;1.135094;,
  3.247787;49.457299;-1.066564;,
  4.427145;48.956605;-0.475824;,
  0.705411;37.229731;-7.172100;,
  1.054688;39.401286;-6.451935;,
  1.123298;37.394506;-6.721668;,
  0.634379;39.415779;-6.776034;,
  0.000000;37.229722;-7.309206;,
  0.000000;39.415818;-6.913142;,
  -0.000000;31.012950;-3.494099;,
  0.494147;30.647770;-3.116593;,
  -0.000000;31.771277;-0.173188;,
  0.751606;31.705584;0.166607;,
  -0.000000;32.913552;0.905109;,
  2.403183;33.088630;0.949867;,
  -0.000000;36.348749;0.177897;,
  2.574203;31.870426;0.574884;,
  1.897730;36.545277;-0.129250;,
  -0.000000;38.059613;-0.451546;,
  1.368520;38.091773;-0.547867;,
  3.759941;33.732886;-0.221062;,
  3.932682;32.034858;-0.285358;,
  3.167003;36.548618;-0.766156;,
  2.960346;38.084339;-1.468853;,
  4.303727;34.455062;-3.042938;,
  4.860586;32.968422;-2.930181;,
  3.794848;36.356275;-3.160499;,
  3.982339;38.038877;-2.949103;,
  -0.000000;33.331030;-5.706036;,
  0.000000;33.331030;-7.378551;,
  1.007065;33.727146;-7.378553;,
  1.403718;34.651626;-6.459004;,
  1.484093;34.959507;-7.378554;,
  0.924381;35.933174;-7.378553;,
  -0.000000;36.316067;-5.706036;,
  0.000000;36.316064;-7.378554;,
  3.761022;22.399070;-5.173662;,
  2.083295;21.921440;-3.488198;,
  1.511884;23.482494;-3.821736;,
  3.106868;23.962059;-5.443445;,
  5.697374;23.243579;-4.925218;,
  5.160182;24.903237;-5.242394;,
  6.693216;25.517264;-3.618442;,
  7.042859;23.809467;-3.406189;,
  7.227645;23.875854;-1.599707;,
  6.830902;25.619446;-1.579307;,
  6.279044;23.694245;0.480436;,
  5.893865;25.407331;0.937761;,
  4.055904;24.798950;1.814257;,
  4.557319;23.185880;1.768806;,
  2.327293;22.313187;0.046811;,
  1.768976;23.829219;0.134714;,
  1.511884;23.482494;-3.821736;,
  2.083295;21.921440;-3.488198;,
  -15.312090;24.427040;-4.516966;,
  -15.636821;24.680912;-2.728180;,
  -14.808690;25.176634;-3.820672;,
  -16.146074;23.901094;-3.497844;,
  -19.317427;18.462845;-10.057104;,
  -20.049640;17.923576;-9.397554;,
  -32.769267;-2.055750;-29.116800;,
  -20.049640;17.923576;-9.397554;,
  -19.561853;17.422235;-9.320874;,
  -16.146074;23.901094;-3.497844;,
  -14.801030;23.930234;-4.419928;,
  -16.092968;23.837344;-3.494348;,
  -15.636821;24.680912;-2.728180;,
  -15.553800;23.190107;-3.458849;,
  -14.266659;24.689210;-3.698604;,
  -14.948181;24.061640;-2.573092;,
  0.000000;36.316064;-7.378554;,
  0.000000;33.331030;-7.378551;,
  -1.007064;33.727146;-7.378553;,
  -1.484092;34.959507;-7.378554;,
  -0.924381;35.933174;-7.378553;,
  0.000000;36.316064;-7.378554;,
  1.007065;33.727146;-7.378553;,
  0.000000;33.331030;-7.378551;,
  1.484093;34.959507;-7.378554;,
  0.924381;35.933174;-7.378553;,
  -6.610474;-0.050402;-5.983542;,
  -6.671759;1.442017;-5.463816;,
  -6.090862;-0.050419;-3.872952;,
  -6.261858;1.362419;-3.916185;,
  -6.374591;1.658163;-1.261782;,
  -6.333762;0.113350;-1.448047;,
  -6.851390;3.528788;-1.694705;,
  -6.407596;0.507710;-0.654650;,
  -6.436094;2.373688;0.225803;,
  -6.272549;-0.050438;0.439936;,
  -7.165453;-0.050440;2.718393;,
  -7.191586;2.016376;2.597540;,
  -7.174581;3.545975;2.078348;,
  -6.329145;3.817783;0.112830;,
  -7.140419;4.856121;-1.772099;,
  -5.851020;9.443661;-2.881844;,
  -4.300846;9.422263;-0.017033;,
  -5.742754;9.377384;3.769665;,
  -5.053056;10.554714;-3.349595;,
  -4.893826;10.989791;4.441412;,
  -3.237474;10.525275;-0.441061;,
  -1.123300;37.394506;-6.721668;,
  0.000000;38.250147;-6.741888;,
  -0.499990;36.308909;-6.813290;,
  -1.497511;35.986554;-6.539320;,
  -2.324601;36.477936;-6.316839;,
  -2.911884;37.805750;-5.694878;,
  -3.434849;35.345494;-5.740490;,
  -4.209271;36.906864;-4.373850;,
  -4.726446;38.184381;-3.199331;,
  -4.596370;33.792026;-5.277780;,
  -4.826468;37.022294;-3.176745;,
  -3.276335;38.262662;-1.026364;,
  -5.654885;33.892899;-3.768625;,
  -6.090516;29.157958;-4.490278;,
  -3.345712;37.211139;-0.751745;,
  -1.572207;38.335536;-0.048918;,
  -6.067452;33.944541;-1.948914;,
  -7.178527;29.157958;-2.837105;,
  -8.097988;21.570278;-3.396829;,
  -9.376482;21.570278;-1.492423;,
  -7.591507;29.157955;-0.728446;,
  -4.314408;34.192099;0.665470;,
  -1.569825;37.179370;0.170208;,
  -0.000000;37.602406;0.190180;,
  -0.000000;37.170077;0.400089;,
  -1.978921;34.310563;2.012712;,
  -0.000000;34.215120;2.305611;,
  -5.294503;29.157955;1.721018;,
  -2.461571;29.157955;3.036169;,
  -0.000000;29.157955;3.354460;,
  -9.887849;21.570280;1.041357;,
  -6.610918;21.570278;3.925049;,
  -3.138026;21.570278;5.236836;,
  -0.000001;21.570278;5.855860;,
  -3.852982;13.752992;7.352207;,
  -0.000001;13.752990;8.099699;,
  -12.157270;13.752995;2.637222;,
  -4.552182;7.132485;9.349316;,
  -0.000001;7.132478;10.138336;,
  -8.080680;13.752994;6.008732;,
  -5.495580;0.627300;11.479631;,
  -0.000001;0.027775;12.401722;,
  -9.991410;1.240459;9.048386;,
  -9.132823;7.132481;7.656042;,
  -15.440634;1.918503;5.313276;,
  -13.944006;7.132485;4.160627;,
  -15.122131;1.100498;1.423592;,
  -13.423245;7.132478;0.626795;,
  -13.317689;-0.092882;-0.921572;,
  -12.207112;7.132475;-0.969533;,
  -11.913557;9.793435;-0.751311;,
  -11.588513;13.752992;-0.326642;,
  -10.711188;13.752989;-1.574533;,
  -8.282343;21.570274;-3.122226;,
  -9.246012;18.337320;-2.586133;,
  -0.991748;35.495818;-7.002953;,
  -0.888228;34.336166;-7.056448;,
  -2.610445;34.992806;-6.234490;,
  -2.559173;33.835936;-6.287985;,
  -3.722240;33.526675;-5.427039;,
  -3.813062;34.669360;-5.373543;,
  -4.625712;34.152925;-2.832188;,
  -4.860585;32.968422;-2.930175;,
  -3.899146;32.549766;-0.314194;,
  -3.759941;33.732886;-0.221061;,
  -1.740304;51.474198;-2.204117;,
  -1.269237;48.731405;-3.158342;,
  -1.870325;48.965850;-2.413792;,
  -2.079703;49.213085;-0.939708;,
  -2.358088;51.408061;-0.849953;,
  -1.857081;53.325222;-1.939362;,
  -1.756406;49.555824;0.158455;,
  -2.115413;54.692506;-1.394405;,
  -2.081294;54.785606;-2.101551;,
  -2.218592;53.117187;-0.521620;,
  -2.356566;54.562342;-0.405751;,
  -1.983321;52.906288;0.686871;,
  -1.969337;54.411373;0.740986;,
  -1.068168;54.295571;1.620642;,
  -1.924077;51.435485;0.445915;,
  -0.978708;52.824829;1.592016;,
  -0.000000;52.722243;1.786470;,
  -0.000000;54.257933;1.906532;,
  -0.852005;51.392141;1.267746;,
  -0.550675;49.638995;0.770447;,
  -0.000000;51.348346;1.472853;,
  -0.000000;49.649750;1.026224;,
  -1.306684;42.155229;-6.423780;,
  -2.015944;41.974742;-5.928921;,
  -1.825218;44.124490;-6.143236;,
  -2.875489;41.955827;-5.042256;,
  -3.198191;43.893085;-5.098400;,
  -2.146920;46.518112;-5.196274;,
  -2.829009;46.388454;-4.431080;,
  -3.926025;42.900115;-3.861277;,
  -3.627444;41.938115;-3.886516;,
  -4.872019;43.426166;-1.670835;,
  -4.162624;41.946064;-1.860531;,
  -4.994654;44.138608;-2.819228;,
  -4.210106;43.868717;-4.145815;,
  -2.829008;46.388454;-4.431080;,
  -5.053026;44.782883;-3.241417;,
  -4.893496;46.567699;-2.851122;,
  1.740305;51.474198;-2.204116;,
  1.870326;48.965850;-2.413792;,
  1.269237;48.731405;-3.158342;,
  2.079703;49.213088;-0.939708;,
  2.358089;51.408061;-0.849953;,
  1.857081;53.325222;-1.939363;,
  1.756406;49.555827;0.158455;,
  2.081295;54.785606;-2.101552;,
  2.115412;54.692506;-1.394406;,
  2.218592;53.117190;-0.521620;,
  2.356566;54.562349;-0.405752;,
  1.983320;52.906288;0.686871;,
  1.969337;54.411373;0.740986;,
  1.068167;54.295571;1.620644;,
  1.924076;51.435485;0.445915;,
  0.978708;52.824829;1.592018;,
  -0.000000;54.257933;1.906532;,
  -0.000000;52.722243;1.786470;,
  0.852004;51.392141;1.267746;,
  0.550675;49.638995;0.770447;,
  -0.000000;51.348346;1.472853;,
  -0.000000;49.649750;1.026224;,
  1.306681;42.155229;-6.423780;,
  1.825217;44.124490;-6.143238;,
  2.015942;41.974742;-5.928922;,
  2.875488;41.955830;-5.042256;,
  2.146921;46.518109;-5.196274;,
  3.216273;43.954973;-5.122291;,
  3.926024;42.900115;-3.861278;,
  3.627443;41.938109;-3.886518;,
  4.872001;43.426154;-1.670849;,
  4.162625;41.946061;-1.860535;,
  4.994640;44.138595;-2.819254;,
  4.210106;43.868714;-4.145818;,
  2.829008;46.388454;-4.431081;,
  5.053017;44.782870;-3.241448;,
  4.893494;46.567693;-2.851152;,
  6.610686;-0.050392;-5.983538;,
  6.091006;-0.050415;-3.872948;,
  6.671958;1.441786;-5.463811;,
  6.261988;1.362310;-3.916182;,
  6.374592;1.658163;-1.261782;,
  6.333763;0.113350;-1.448047;,
  6.851394;3.528788;-1.694700;,
  6.407597;0.507710;-0.654650;,
  6.436095;2.373688;0.225803;,
  6.272550;-0.050438;0.439936;,
  7.165453;-0.050438;2.718391;,
  7.191586;2.016376;2.597540;,
  7.174583;3.545975;2.078346;,
  6.329150;3.817783;0.112832;,
  7.140423;4.856125;-1.772083;,
  5.851028;9.443666;-2.881819;,
  4.300867;9.422267;-0.017033;,
  5.742765;9.377382;3.769638;,
  5.053069;10.554722;-3.349567;,
  4.893842;10.989786;4.441376;,
  3.237501;10.525281;-0.441059;,
  1.123298;37.394506;-6.721668;,
  0.499989;36.308909;-6.813290;,
  0.000000;38.250147;-6.741888;,
  1.497510;35.986554;-6.539320;,
  2.324601;36.477936;-6.316839;,
  2.911883;37.805750;-5.694880;,
  3.434849;35.345494;-5.740487;,
  4.209271;36.906864;-4.373852;,
  4.726446;38.184381;-3.199334;,
  4.596371;33.792022;-5.277780;,
  4.826470;37.022294;-3.176747;,
  3.276315;38.262662;-1.026379;,
  5.654886;33.892899;-3.768625;,
  6.090516;29.157958;-4.490278;,
  3.345724;37.211142;-0.751740;,
  1.572209;38.335536;-0.048919;,
  6.067452;33.944541;-1.948914;,
  7.178530;29.157955;-2.837105;,
  8.282342;21.570277;-3.122226;,
  1.569830;37.179370;0.170214;,
  -0.000000;37.602406;0.190180;,
  -0.000000;37.170077;0.400089;,
  3.146665;34.251331;1.339092;,
  -0.000000;34.215120;2.305611;,
  7.591508;29.157955;-0.728446;,
  2.461572;29.157955;3.036171;,
  -0.000000;29.157955;3.354460;,
  5.294504;29.157955;1.721018;,
  9.376481;21.570278;-1.492424;,
  9.887849;21.570280;1.041359;,
  10.711187;13.752989;-1.574533;,
  9.246010;18.337320;-2.586133;,
  11.588511;13.752992;-0.326642;,
  11.913556;9.793435;-0.751311;,
  6.610920;21.570278;3.925049;,
  12.157270;13.752997;2.637226;,
  13.423243;7.132478;0.626795;,
  12.207111;7.132475;-0.969533;,
  13.317688;-0.092882;-0.921572;,
  15.122130;1.100498;1.423592;,
  13.944003;7.132485;4.160626;,
  15.440630;1.918503;5.313274;,
  8.080682;13.752995;6.008730;,
  9.132821;7.132481;7.656042;,
  9.991405;1.240459;9.048386;,
  4.552183;7.132485;9.349316;,
  5.495585;0.627300;11.479630;,
  -0.000001;7.132478;10.138336;,
  -0.000001;0.027775;12.401722;,
  -0.000001;13.752990;8.099699;,
  3.852979;13.752992;7.352207;,
  -0.000001;21.570278;5.855860;,
  3.138024;21.570278;5.236836;,
  0.991748;35.495818;-7.002953;,
  2.610445;34.992806;-6.234490;,
  0.888228;34.336166;-7.056448;,
  2.559174;33.835936;-6.287985;,
  3.722241;33.526675;-5.427037;,
  3.813062;34.669360;-5.373543;,
  4.625713;34.152925;-2.832188;,
  4.860586;32.968422;-2.930181;,
  3.899146;32.549766;-0.314195;,
  3.759941;33.732886;-0.221062;,
  15.893317;25.325918;-2.178306;,
  13.503398;26.512077;-2.046567;,
  14.475723;26.553054;-1.409155;,
  14.164178;25.416379;-3.487638;,
  14.438690;24.016410;-1.851431;,
  13.544638;25.715766;-1.199466;,
  14.475723;26.553054;-1.409155;,
  15.893317;25.325918;-2.178306;,
  -14.475722;26.553054;-1.409153;,
  -13.503397;26.512077;-2.046566;,
  -15.835306;25.303707;-2.196205;,
  -14.200683;25.389222;-3.433970;,
  -14.460190;24.065774;-1.887197;,
  -13.544637;25.715766;-1.199465;,
