xof 0303txt 0032
template ColorRGBA {
 <35ff44e0-6c7c-11cf-8f52-0040333594a3>
 FLOAT red;
 FLOAT green;
 FLOAT blue;
 FLOAT alpha;
}

template ColorRGB {
 <d3e16e81-7835-11cf-8f52-0040333594a3>
 FLOAT red;
 FLOAT green;
 FLOAT blue;
}

template Material {
 <3d82ab4d-62da-11cf-ab39-0020af71e433>
 ColorRGBA faceColor;
 FLOAT power;
 ColorRGB specularColor;
 ColorRGB emissiveColor;
 [...]
}

template TextureFilename {
 <a42790e1-7810-11cf-8f52-0040333594a3>
 STRING filename;
}

template Frame {
 <3d82ab46-62da-11cf-ab39-0020af71e433>
 [...]
}

template Matrix4x4 {
 <f6f23f45-7686-11cf-8f52-0040333594a3>
 array FLOAT matrix[16];
}

template FrameTransformMatrix {
 <f6f23f41-7686-11cf-8f52-0040333594a3>
 Matrix4x4 frameMatrix;
}

template Vector {
 <3d82ab5e-62da-11cf-ab39-0020af71e433>
 FLOAT x;
 FLOAT y;
 FLOAT z;
}

template MeshFace {
 <3d82ab5f-62da-11cf-ab39-0020af71e433>
 DWORD nFaceVertexIndices;
 array DWORD faceVertexIndices[nFaceVertexIndices];
}

template Mesh {
 <3d82ab44-62da-11cf-ab39-0020af71e433>
 DWORD nVertices;
 array Vector vertices[nVertices];
 DWORD nFaces;
 array MeshFace faces[nFaces];
 [...]
}

template MeshNormals {
 <f6f23f43-7686-11cf-8f52-0040333594a3>
 DWORD nNormals;
 array Vector normals[nNormals];
 DWORD nFaceNormals;
 array MeshFace faceNormals[nFaceNormals];
}

template MeshMaterialList {
 <f6f23f42-7686-11cf-8f52-0040333594a3>
 DWORD nMaterials;
 DWORD nFaceIndexes;
 array DWORD faceIndexes[nFaceIndexes];
 [Material <3d82ab4d-62da-11cf-ab39-0020af71e433>]
}

template Coords2d {
 <f6f23f44-7686-11cf-8f52-0040333594a3>
 FLOAT u;
 FLOAT v;
}

template MeshTextureCoords {
 <f6f23f40-7686-11cf-8f52-0040333594a3>
 DWORD nTextureCoords;
 array Coords2d textureCoords[nTextureCoords];
}

template XSkinMeshHeader {
 <3cf169ce-ff7c-44ab-93c0-f78f62d172e2>
 WORD nMaxSkinWeightsPerVertex;
 WORD nMaxSkinWeightsPerFace;
 WORD nBones;
}

template SkinWeights {
 <6f0d123b-bad2-4167-a0d0-80224f25fabb>
 STRING transformNodeName;
 DWORD nWeights;
 array DWORD vertexIndices[nWeights];
 array FLOAT weights[nWeights];
 Matrix4x4 matrixOffset;
}

template AnimTicksPerSecond {
 <9e415a43-7ba6-4a73-8743-b73d47e88476>
 DWORD AnimTicksPerSecond;
}

template Animation {
 <3d82ab4f-62da-11cf-ab39-0020af71e433>
 [...]
}

template AnimationSet {
 <3d82ab50-62da-11cf-ab39-0020af71e433>
 [Animation <3d82ab4f-62da-11cf-ab39-0020af71e433>]
}

template FloatKeys {
 <10dd46a9-775b-11cf-8f52-0040333594a3>
 DWORD nValues;
 array FLOAT values[nValues];
}

template TimedFloatKeys {
 <f406b180-7b3b-11cf-8f52-0040333594a3>
 DWORD time;
 FloatKeys tfkeys;
}

template AnimationKey {
 <10dd46a8-775b-11cf-8f52-0040333594a3>
 DWORD keyType;
 DWORD nKeys;
 array TimedFloatKeys keys[nKeys];
}


Material m_darkwolf01 {
 1.000000;1.000000;1.000000;1.000000;;
 10.000000;
 0.000000;0.000000;0.000000;;
 0.000000;0.000000;0.000000;;

 TextureFilename {
  "t_darkwolf01_df.tga";
 }
}

Material m_yataflicker_inst {
 1.000000;1.000000;1.000000;1.000000;;
 10.000000;
 0.000000;0.000000;0.000000;;
 0.000000;0.000000;0.000000;;

 TextureFilename {
  "t_yata01_xmas_df.tga";
 }
}

Frame bip001 {
 

 FrameTransformMatrix {
  0.263868,0.106035,-0.958713,0.000000,-0.033525,0.994347,0.100749,0.000000,0.963976,0.005556,0.265931,0.000000,3.310639,65.673120,13.366298,1.000000;;
 }

 Frame bip001-pelvis {
  

  FrameTransformMatrix {
   0.000000,0.998303,-0.058231,0.000000,-0.000002,0.058231,0.998303,0.000000,1.000000,-0.000000,0.000002,0.000000,0.000000,0.000000,0.000000,1.000000;;
  }

  Frame bip001-spine {
   

   FrameTransformMatrix {
    0.990183,0.044707,0.132432,0.000000,-0.067269,0.982949,0.171131,0.000000,-0.122524,-0.178359,0.976307,0.000000,5.753464,0.337746,-0.012231,1.000000;;
   }

   Frame bip001-spine1 {
    

    FrameTransformMatrix {
     0.976969,0.029720,0.211299,0.000000,-0.074833,0.975081,0.208849,0.000000,-0.199827,-0.219852,0.954848,0.000000,15.737923,0.005570,-0.024193,1.000000;;
    }

    Frame bip001-neck {
     

     FrameTransformMatrix {
      0.955164,-0.019078,0.295461,0.000000,0.017978,0.999818,0.006437,0.000000,-0.295530,-0.000836,0.955333,0.000000,29.518768,0.000002,-0.000050,1.000000;;
     }

     Frame bip001-head {
      

      FrameTransformMatrix {
       0.810598,-0.126978,-0.571671,0.000000,0.056155,0.988565,-0.139953,0.000000,0.582905,0.081343,0.808459,0.000000,2.473526,-0.000000,0.000000,1.000000;;
      }

      Frame bone_mouth {
       

       FrameTransformMatrix {
        0.977224,0.212140,0.005361,0.000000,0.212168,-0.977219,-0.005233,0.000000,0.004129,0.006251,-0.999972,0.000000,16.698059,5.854378,1.572907,1.000000;;
       }
      }

      Frame bone_ear_l {
       

       FrameTransformMatrix {
        -0.651976,-0.558197,-0.513169,0.000000,0.750802,-0.380696,-0.539785,0.000000,0.105945,-0.737215,0.667300,0.000000,7.911026,-9.627990,-12.102148,1.000000;;
       }
      }

      Frame bone_ear_r {
       

       FrameTransformMatrix {
        -0.656163,-0.564535,0.500750,0.000000,0.746338,-0.387454,0.541165,0.000000,-0.111490,0.728821,0.675567,0.000000,7.799179,-9.797302,14.980696,1.000000;;
       }
      }

      Frame bone_ear_l01 {
       

       FrameTransformMatrix {
        0.206483,0.850269,-0.484156,0.000000,-0.355112,0.526202,0.772662,0.000000,0.911735,0.012388,0.410593,0.000000,42.046006,31.961808,-9.234735,1.000000;;
       }
      }

      Frame bone_ear_l02 {
       

       FrameTransformMatrix {
        -0.471860,0.850157,-0.233627,0.000000,-0.106487,0.208088,0.972296,0.000000,0.875219,0.483666,-0.007658,0.000000,29.427536,28.146154,-1.022830,1.000000;;
       }
      }

      Frame bone_ear_r01 {
       

       FrameTransformMatrix {
        0.553872,-0.832583,0.005625,0.000000,-0.420041,-0.273585,0.865284,0.000000,-0.718882,-0.481619,-0.501250,0.000000,42.046035,-29.038189,-9.234696,1.000000;;
       }
      }

      Frame bone_ear_r02 {
       

       FrameTransformMatrix {
        -0.176578,-0.979484,0.097121,0.000000,-0.016289,0.101566,0.994696,0.000000,-0.984152,0.174059,-0.033889,0.000000,29.070464,-25.975150,-1.130554,1.000000;;
       }
      }

      Frame bone_c_01 {
       

       FrameTransformMatrix {
        -0.621177,-0.783642,0.006658,0.000000,-0.783545,0.620903,-0.023158,0.000000,0.014013,-0.019602,-0.999710,0.000000,20.323258,-9.522349,-28.188080,1.000000;;
       }
      }

      Frame bone_c_02 {
       

       FrameTransformMatrix {
        -0.929837,0.206539,-0.304540,0.000000,-0.247639,-0.963390,0.102732,0.000000,-0.272173,0.170940,0.946943,0.000000,20.323211,9.178947,-28.188118,1.000000;;
       }
      }

      Frame eye_l {
       

       FrameTransformMatrix {
        0.216675,0.443978,0.869446,0.000000,0.016236,0.888841,-0.457928,0.000000,-0.976109,0.113338,0.185381,0.000000,19.622085,10.920277,17.596512,1.000000;;
       }
      }

      Frame eye_r {
       

       FrameTransformMatrix {
        0.216675,-0.443977,0.869446,0.000000,0.016237,-0.888841,-0.457928,0.000000,0.976109,0.113338,-0.185381,0.000000,19.622131,-12.079726,17.596523,1.000000;;
       }
      }

      Frame bone_cap_01 {
       

       FrameTransformMatrix {
        0.066521,-0.553980,0.829868,0.000000,0.965908,-0.172797,-0.192777,0.000000,0.250193,0.814400,0.523599,0.000000,50.727309,-7.708373,-6.837170,1.000000;;
       }

       Frame bone_cap_02 {
        

        FrameTransformMatrix {
         0.823015,-0.557977,-0.106340,0.000000,0.561159,0.827708,0.000001,0.000000,0.088018,-0.059674,0.994330,0.000000,17.059616,0.000000,0.000004,1.000000;;
        }

        Frame bone_cap_03 {
         

         FrameTransformMatrix {
          0.912919,-0.267600,0.308171,0.000000,0.276314,0.960936,0.015880,0.000000,-0.300382,0.070654,0.951199,0.000000,14.880523,0.000031,-0.000004,1.000000;;
         }

         Frame bone_cap_04 {
          

          FrameTransformMatrix {
           0.988210,-0.148157,0.038611,0.000000,0.148072,0.988964,0.005064,0.000000,-0.038935,0.000713,0.999242,0.000000,10.348663,-0.000008,0.000004,1.000000;;
          }
         }
        }
       }
      }
     }

     Frame bip001-l-clavicle {
      

      FrameTransformMatrix {
       -0.263892,0.958837,0.104844,0.000000,0.917801,0.283044,-0.278438,0.000000,-0.296652,0.022748,-0.954715,0.000000,-4.611450,6.060576,-0.868134,1.000000;;
      }

      Frame bip001-l-upperarm {
       

       FrameTransformMatrix {
        0.902777,-0.282393,-0.324419,0.000000,0.175600,0.930539,-0.321344,0.000000,0.392630,0.233134,0.889658,0.000000,11.387270,-0.000008,0.000000,1.000000;;
       }

       Frame bip001-l-forearm {
        

        FrameTransformMatrix {
         -0.311323,-0.000000,-0.950304,0.000000,-0.000000,1.000000,-0.000000,0.000000,0.950304,0.000000,-0.311323,0.000000,21.937027,-0.000015,0.000000,1.000000;;
        }

        Frame bip001-l-hand {
         

         FrameTransformMatrix {
          0.947021,0.279740,-0.157786,0.000000,0.271102,-0.432848,0.859736,0.000000,0.172205,-0.856965,-0.485755,0.000000,21.317616,-0.000008,0.000000,1.000000;;
         }

         Frame bip001-l-finger0 {
          

          FrameTransformMatrix {
           0.394757,-0.580544,0.712135,0.000000,0.915906,0.187329,-0.354999,0.000000,0.072689,0.792387,0.605673,0.000000,5.483837,-10.133278,1.331005,1.000000;;
          }
         }

         Frame bip001-l-finger1 {
          

          FrameTransformMatrix {
           0.175978,-0.229429,0.957285,0.000000,0.036696,0.973314,0.226525,0.000000,-0.983710,-0.004735,0.179700,0.000000,11.751451,-0.000519,0.641369,1.000000;;
          }
         }
        }

        Frame bone_hair_10 {
         

         FrameTransformMatrix {
          -0.979163,0.125857,0.159373,0.000000,-0.074672,0.506674,-0.858898,0.000000,-0.188848,-0.852902,-0.486719,0.000000,-6.743126,9.474945,7.465675,1.000000;;
         }
        }
       }
      }
     }

     Frame bip001-r-clavicle {
      

      FrameTransformMatrix {
       -0.302159,-0.946211,0.115697,0.000000,-0.906175,0.322784,0.273235,0.000000,-0.295883,-0.022281,-0.954964,0.000000,-4.376869,-6.233543,-0.857819,1.000000;;
      }

      Frame bip001-r-upperarm {
       

       FrameTransformMatrix {
        0.761195,0.572710,0.304280,0.000000,-0.616496,0.493388,0.613598,0.000000,0.201285,-0.654655,0.728637,0.000000,11.387270,0.000015,-0.000004,1.000000;;
       }

       Frame bip001-r-forearm {
        

        FrameTransformMatrix {
         0.362359,0.000000,-0.932039,0.000000,0.000000,1.000000,0.000000,0.000000,0.932039,-0.000000,0.362359,0.000000,21.937030,-0.000002,0.000000,1.000000;;
        }

        Frame bip001-r-hand {
         

         FrameTransformMatrix {
          0.914127,-0.402132,-0.051589,0.000000,-0.226189,-0.400244,-0.888056,0.000000,0.336467,0.823465,-0.456832,0.000000,21.317627,0.000006,0.000002,1.000000;;
         }

         Frame bip001-r-finger0 {
          

          FrameTransformMatrix {
           0.394745,0.580603,0.712093,0.000000,-0.915908,0.187323,0.354996,0.000000,0.072720,-0.792345,0.605724,0.000000,5.483837,10.133278,1.331009,1.000000;;
          }
         }

         Frame bip001-r-finger1 {
          

          FrameTransformMatrix {
           0.176191,0.229401,0.957252,0.000000,-0.036764,0.973321,-0.226485,0.000000,-0.983669,0.004712,0.179924,0.000000,11.751450,0.000515,0.641369,1.000000;;
          }
         }
        }

        Frame bone_hair_11 {
         

         FrameTransformMatrix {
          -0.979163,-0.125855,0.159373,0.000000,-0.074674,-0.506671,-0.858899,0.000000,0.188846,-0.852904,0.486717,0.000000,-6.743286,-9.474610,7.465554,1.000000;;
         }
        }
       }
      }
     }

     Frame bone_hair_02 {
      

      FrameTransformMatrix {
       -0.769316,0.615918,-0.169700,0.000000,0.067532,-0.185739,-0.980276,0.000000,-0.635290,-0.765601,0.101298,0.000000,13.522339,21.371941,-4.069214,1.000000;;
      }
     }

     Frame bone_hair_03 {
      

      FrameTransformMatrix {
       -0.769315,-0.615919,-0.169699,0.000000,0.067531,0.185737,-0.980276,0.000000,0.635290,-0.765601,-0.101297,0.000000,13.522339,-21.371978,-4.069199,1.000000;;
      }
     }

     Frame bone_hair_01 {
      

      FrameTransformMatrix {
       -0.683069,-0.000000,-0.730354,0.000000,0.730354,-0.000000,-0.683069,0.000000,0.000000,-1.000000,0.000000,0.000000,13.407654,0.000002,-28.527024,1.000000;;
      }
     }
    }

    Frame bone_hair_05 {
     

     FrameTransformMatrix {
      -0.899776,0.016088,-0.436055,0.000000,0.409005,-0.317114,-0.855660,0.000000,-0.152045,-0.948251,0.278752,0.000000,28.601152,26.438867,-17.328960,1.000000;;
     }
    }

    Frame bone_hair_04 {
     

     FrameTransformMatrix {
      -0.907008,-0.000001,-0.421115,0.000000,0.421115,-0.000000,-0.907007,0.000000,0.000001,-1.000000,0.000000,0.000000,31.583075,-0.000019,-39.473085,1.000000;;
     }
    }

    Frame bone_hair_06 {
     

     FrameTransformMatrix {
      -0.899776,-0.016090,-0.436055,0.000000,0.409005,0.317113,-0.855660,0.000000,0.152046,-0.948252,-0.278750,0.000000,28.601187,-26.439011,-17.328941,1.000000;;
     }
    }

    Frame bone_hair_09 {
     

     FrameTransformMatrix {
      -0.996169,0.012712,-0.086524,0.000000,0.079615,0.541199,-0.837117,0.000000,0.036185,-0.840799,-0.540138,0.000000,12.130989,-20.235029,-23.581715,1.000000;;
     }
    }

    Frame bone_hair_07 {
     

     FrameTransformMatrix {
      -0.999999,-0.000001,-0.001515,0.000000,0.001515,-0.000001,-0.999999,0.000000,0.000001,-1.000000,0.000000,0.000000,12.259674,-0.000020,-37.519370,1.000000;;
     }
    }

    Frame bone_hair_08 {
     

     FrameTransformMatrix {
      -0.996169,-0.012713,-0.086524,0.000000,0.079616,-0.541200,-0.837116,0.000000,-0.036185,-0.840798,0.540139,0.000000,12.130966,20.235179,-23.581749,1.000000;;
     }
    }
   }
  }

  Frame bip001-l-thigh {
   

   FrameTransformMatrix {
    -0.986449,0.015165,0.163370,0.000000,0.002797,-0.994021,0.109156,0.000000,0.164048,0.108134,0.980508,0.000000,-5.267486,9.796915,-0.990178,1.000000;;
   }

   Frame bip001-l-calf {
    

    FrameTransformMatrix {
     0.733553,0.000000,-0.679632,0.000000,-0.000000,1.000000,0.000000,0.000000,0.679632,0.000000,0.733553,0.000000,28.447670,0.000002,0.000001,1.000000;;
    }

    Frame bip001-l-horselink {
     

     FrameTransformMatrix {
      0.568531,-0.000000,0.822662,0.000000,-0.000000,1.000000,0.000000,0.000000,-0.822662,-0.000000,0.568531,0.000000,22.175587,-0.000004,-0.000004,1.000000;;
     }

     Frame bip001-l-foot {
      

      FrameTransformMatrix {
       0.763240,0.079021,0.641265,0.000000,-0.216476,0.966405,0.138566,0.000000,-0.608771,-0.244577,0.754705,0.000000,32.803520,0.000002,-0.000008,1.000000;;
      }

      Frame bip001-l-toe0 {
       

       FrameTransformMatrix {
        0.176701,-0.027776,0.983873,0.000000,0.066761,0.997638,0.016175,0.000000,-0.981998,0.062826,0.178138,0.000000,10.574510,0.000008,12.472959,1.000000;;
       }
      }
     }
    }
   }
  }

  Frame bip001-r-thigh {
   

   FrameTransformMatrix {
    -0.674498,-0.111006,0.729884,0.000000,0.102200,-0.993153,-0.056601,0.000000,0.731169,0.036417,0.681224,0.000000,-6.153446,-9.682642,2.544413,1.000000;;
   }

   Frame bip001-r-calf {
    

    FrameTransformMatrix {
     0.791311,-0.000000,-0.611413,0.000000,-0.000000,1.000000,-0.000000,0.000000,0.611413,0.000000,0.791312,0.000000,28.447690,0.000001,0.000004,1.000000;;
    }

    Frame bip001-r-horselink {
     

     FrameTransformMatrix {
      0.568531,0.000000,0.822662,0.000000,-0.000000,1.000000,0.000000,0.000000,-0.822662,-0.000000,0.568531,0.000000,22.175598,0.000000,-0.000004,1.000000;;
     }

     Frame bip001-r-foot {
      

      FrameTransformMatrix {
       0.939409,-0.263391,0.219398,0.000000,0.279579,0.959032,-0.045756,0.000000,-0.198358,0.104323,0.974562,0.000000,32.803504,0.000001,0.000000,1.000000;;
      }

      Frame bip001-r-toe0 {
       

       FrameTransformMatrix {
        0.029517,-0.014766,0.999455,0.000000,0.045816,0.998860,0.013404,0.000000,-0.998514,0.045395,0.030159,0.000000,10.574501,-0.000004,12.472958,1.000000;;
       }
      }
     }
    }
   }
  }

  Frame bip001-tail {
   

   FrameTransformMatrix {
    -0.998592,-0.000004,0.053040,0.000000,-0.000004,1.000000,-0.000001,0.000000,-0.053040,-0.000001,-0.998592,0.000000,-15.538018,-0.000018,-6.619549,1.000000;;
   }

   Frame bip001-tail1 {
    

    FrameTransformMatrix {
     0.998915,0.000000,0.046576,0.000000,-0.000000,1.000000,-0.000000,0.000000,-0.046576,-0.000000,0.998915,0.000000,21.656850,0.000000,-0.017226,1.000000;;
    }

    Frame bip001-tail2 {
     

     FrameTransformMatrix {
      0.995762,0.000000,0.091971,0.000000,-0.000000,1.000000,-0.000000,0.000000,-0.091971,0.000000,0.995762,0.000000,21.657646,0.000000,-0.017189,1.000000;;
     }
    }
   }
  }

  Frame bone_tail {
   

   FrameTransformMatrix {
    -0.895771,0.206668,-0.393551,0.000000,-0.189209,-0.978411,-0.083136,0.000000,-0.402236,-0.000007,0.915536,0.000000,3.008369,0.000063,-18.593349,1.000000;;
   }
  }
 }
}

Frame darkwolf01 {
 

 FrameTransformMatrix {
  1.000000,0.000000,0.000000,0.000000,0.000000,1.000000,0.000000,0.000000,0.000000,0.000000,1.000000,0.000000,0.000000,0.000000,0.000000,1.000000;;
 }

 Mesh darkwolf01 {
  1726;
  7.217176;46.354550;-102.381760;,
  7.825578;47.693210;-100.140589;,
  7.394728;49.010781;-102.084237;,
  5.619452;43.928614;-107.495245;,
  6.227707;44.857411;-105.250419;,
  5.642821;46.417075;-106.654726;,
  4.989680;43.348198;-109.032115;,
  5.619452;43.928614;-107.495245;,
  5.228742;44.825952;-108.898304;,
  16.185184;16.044802;60.231917;,
  14.924546;11.922884;66.110707;,
  14.352165;16.467254;64.504858;,
  12.331727;1.229687;45.326509;,
  18.368758;2.022457;47.379098;,
  18.701395;1.965725;47.462429;,
  -7.217176;46.354550;-102.381760;,
  -7.394728;49.010781;-102.084237;,
  -7.825578;47.693210;-100.140589;,
  -5.619452;43.928614;-107.495245;,
  -5.642821;46.417075;-106.654726;,
  -6.227707;44.857411;-105.250419;,
  -4.989680;43.348198;-109.032115;,
  -5.228742;44.825952;-108.898304;,
  -5.619452;43.928614;-107.495245;,
  -14.924546;11.922884;66.110707;,
  -16.185184;16.044802;60.231917;,
  -14.352165;16.467254;64.504858;,
  -12.331727;1.229687;45.326509;,
  -18.701395;1.965725;47.462429;,
  -18.368758;2.022457;47.379098;,
  0.000000;25.443344;-116.779123;,
  0.000000;25.424421;-116.835046;,
  0.000000;26.906352;-112.583437;,
  0.000000;25.443344;-116.779123;,
  4.494862;44.777139;-110.705702;,
  4.214342;42.257187;-110.449382;,
  4.989680;43.348198;-109.032115;,
  4.511644;42.784746;-111.562099;,
  6.795571;47.955043;-104.109805;,
  6.539094;46.139766;-103.754502;,
  7.217176;46.354550;-102.381760;,
  6.227707;44.857411;-105.250419;,
  12.331727;1.229687;45.326509;,
  15.482768;1.687242;44.309568;,
  18.368758;2.022457;47.379098;,
  12.940465;0.889577;41.738627;,
  18.386878;7.472270;50.921523;,
  19.013666;1.972049;47.381043;,
  18.701395;1.965725;47.462429;,
  18.368758;2.022457;47.379098;,
  26.995450;2.176642;47.699814;,
  26.342565;7.325026;51.614592;,
  27.242842;1.720700;48.115837;,
  27.469680;1.876894;48.080621;,
  -4.494862;44.777139;-110.705702;,
  -4.989680;43.348198;-109.032115;,
  -4.214342;42.257187;-110.449382;,
  -4.511644;42.784746;-111.562099;,
  -6.795571;47.955043;-104.109805;,
  -7.217176;46.354550;-102.381760;,
  -6.539094;46.139766;-103.754502;,
  -6.227707;44.857411;-105.250419;,
  -12.331727;1.229687;45.326509;,
  -18.368758;2.022457;47.379098;,
  -15.482768;1.687242;44.309568;,
  -12.940465;0.889577;41.738627;,
  -19.013666;1.972049;47.381043;,
  -18.386878;7.472270;50.921523;,
  -18.701395;1.965725;47.462429;,
  -18.368758;2.022457;47.379098;,
  -26.342565;7.325026;51.614592;,
  -26.995450;2.176642;47.699814;,
  -27.242842;1.720700;48.115837;,
  -27.469680;1.876894;48.080621;,
  32.858643;1.508754;46.970186;,
  30.468250;1.542650;45.581891;,
  34.011741;1.474992;43.273219;,
  32.017379;1.785720;50.138307;,
  27.469680;1.876894;48.080621;,
  30.725914;0.916799;54.097862;,
  27.242842;1.720700;48.115837;,
  27.486618;1.619927;61.244288;,
  21.104162;2.501002;69.385069;,
  23.942925;2.614725;68.421331;,
  17.673406;2.207988;68.388595;,
  15.012162;1.082619;60.173101;,
  18.701395;1.965725;47.462429;,
  13.076570;0.974708;52.562163;,
  12.331727;1.229687;45.326509;,
  26.995450;2.176642;47.699814;,
  19.013666;1.972049;47.381043;,
  21.805730;2.253058;43.056214;,
  25.818435;2.190176;43.862771;,
  24.252008;1.682121;39.899043;,
  34.432461;1.911345;-69.126157;,
  29.987200;2.055555;-69.365120;,
  32.943242;1.215767;-73.642624;,
  35.905706;2.635646;-64.542163;,
  27.303277;2.376592;-65.217542;,
  20.883501;0.478652;-68.019898;,
  24.934648;1.178603;-68.607680;,
  21.755214;0.321147;-71.742880;,
  21.047197;0.573434;-62.022323;,
  24.354565;1.256895;-53.859936;,
  37.488288;1.433407;-52.565997;,
  34.002490;1.370036;-45.750131;,
  25.874907;1.280237;-46.684822;,
  41.269216;1.793647;-61.034112;,
  31.613712;1.477630;-41.213190;,
  28.092778;1.447860;-41.107779;,
  27.586666;6.997297;-39.503872;,
  32.540592;7.049091;-40.666912;,
  36.270893;8.348274;-48.005139;,
  22.594288;14.935283;-41.617120;,
  23.073962;9.832970;-45.546179;,
  26.874131;13.139513;-36.453139;,
  19.653550;22.015062;-38.242826;,
  38.127101;6.714181;-56.119661;,
  33.871939;12.118676;-41.793549;,
  40.574941;6.083671;-62.613344;,
  31.339280;13.491246;-38.538730;,
  33.416413;12.575442;-50.423002;,
  35.526614;8.595674;-59.510138;,
  32.961258;15.682725;-40.736915;,
  31.904054;16.191171;-45.269088;,
  31.295939;21.668482;-30.213658;,
  34.021949;23.722648;-35.943165;,
  26.445578;20.600088;-29.107072;,
  21.872126;20.776589;-31.221904;,
  16.075998;26.552546;-36.121357;,
  25.828686;25.329278;-24.221701;,
  19.687029;25.090198;-26.537283;,
  19.484432;31.013517;-21.263523;,
  15.103064;30.885277;-35.774288;,
  14.905198;37.686506;-27.193443;,
  14.434678;35.709526;-35.705757;,
  16.339256;42.577744;-19.092859;,
  21.017323;40.708138;-11.368839;,
  18.205605;49.606304;-10.037001;,
  25.441886;29.868202;-19.313717;,
  25.311397;37.259123;-12.445338;,
  31.657770;27.590253;-25.492341;,
  32.681306;33.548355;-21.291675;,
  28.172451;40.121818;-12.807764;,
  34.837363;31.604630;-33.115152;,
  35.589200;41.653971;-22.248485;,
  31.016013;49.216560;-11.935024;,
  32.351699;60.117030;-11.620054;,
  35.066346;55.947846;-22.996800;,
  38.376534;43.206086;-29.355405;,
  34.648326;50.667987;-33.129078;,
  31.487114;45.066230;-42.203843;,
  31.868851;24.704606;-42.095229;,
  31.795738;31.599318;-42.055466;,
  31.765395;40.131350;-42.402806;,
  24.740856;36.157510;-46.828102;,
  22.832086;39.335555;-46.856637;,
  25.169251;30.041130;-45.146662;,
  16.893259;32.941178;-45.113427;,
  16.123469;36.609898;-45.034144;,
  15.103064;30.885277;-35.774288;,
  14.434678;35.709526;-35.705757;,
  16.075998;26.552546;-36.121357;,
  19.583816;28.237258;-43.271190;,
  19.653550;22.015062;-38.242826;,
  26.511216;24.523045;-45.061421;,
  21.970045;23.523669;-43.823299;,
  22.594288;14.935283;-41.617120;,
  28.218528;16.495192;-48.406598;,
  25.180741;15.871235;-46.651642;,
  25.475387;12.347658;-51.786874;,
  23.073962;9.832970;-45.546179;,
  29.509395;13.160999;-53.553616;,
  31.028758;9.570696;-61.085613;,
  28.092778;1.447860;-41.107779;,
  27.586666;6.997297;-39.503872;,
  25.874907;1.280237;-46.684822;,
  22.622835;6.065642;-56.880896;,
  24.354565;1.256895;-53.859936;,
  21.047197;0.573434;-62.022323;,
  25.699120;8.191938;-60.047354;,
  21.653717;5.740252;-63.583955;,
  20.883501;0.478652;-68.019898;,
  31.737571;8.775597;-64.434899;,
  22.207134;3.630200;-68.944435;,
  21.755214;0.321147;-71.742880;,
  24.934648;1.178603;-68.607680;,
  26.936707;7.025718;-64.870688;,
  27.303277;2.376592;-65.217542;,
  29.987200;2.055555;-69.365120;,
  32.386998;5.263058;-70.026848;,
  32.943242;1.215767;-73.642624;,
  34.432461;1.911345;-69.126157;,
  35.823203;7.017966;-64.535226;,
  35.905706;2.635646;-64.542163;,
  39.049888;1.672657;-67.689018;,
  41.795222;4.338694;-69.091706;,
  42.294186;1.109004;-71.120096;,
  42.521376;1.688530;-65.955194;,
  39.049888;1.672657;-67.689018;,
  -21.755214;0.321147;-71.742880;,
  -20.883501;0.478652;-68.019898;,
  -24.934648;1.178603;-68.607680;,
  -27.303277;2.376592;-65.217542;,
  -21.047197;0.573434;-62.022323;,
  -24.354565;1.256895;-53.859936;,
  -35.905706;2.635646;-64.542163;,
  -29.987200;2.055555;-69.365120;,
  -34.432461;1.911345;-69.126157;,
  -32.943242;1.215767;-73.642624;,
  -37.488288;1.433407;-52.565997;,
  -34.002490;1.370036;-45.750131;,
  -25.874907;1.280237;-46.684822;,
  -41.269216;1.793647;-61.034112;,
  -31.613712;1.477630;-41.213190;,
  -28.092778;1.447860;-41.107779;,
  -27.586666;6.997297;-39.503872;,
  -32.540592;7.049091;-40.666912;,
  -36.270893;8.348274;-48.005139;,
  -22.594288;14.935283;-41.617120;,
  -23.073962;9.832970;-45.546179;,
  -26.874131;13.139513;-36.453139;,
  -19.653550;22.015062;-38.242826;,
  -38.127101;6.714181;-56.119661;,
  -33.871939;12.118676;-41.793549;,
  -33.416413;12.575442;-50.423002;,
  -31.339280;13.491246;-38.538730;,
  -32.961258;15.682725;-40.736915;,
  -31.295939;21.668482;-30.213658;,
  -31.904054;16.191171;-45.269088;,
  -34.021949;23.722648;-35.943165;,
  -26.445578;20.600088;-29.107072;,
  -21.872126;20.776589;-31.221904;,
  -16.075998;26.552546;-36.121357;,
  -25.828686;25.329278;-24.221701;,
  -19.687029;25.090198;-26.537283;,
  -19.484432;31.013517;-21.263523;,
  -15.103064;30.885277;-35.774288;,
  -14.905198;37.686506;-27.193443;,
  -14.434678;35.709526;-35.705757;,
  -16.339256;42.577744;-19.092859;,
  -21.017323;40.708138;-11.368839;,
  -18.205605;49.606304;-10.037001;,
  -25.441886;29.868202;-19.313717;,
  -25.311397;37.259123;-12.445338;,
  -31.657770;27.590253;-25.492341;,
  -32.681306;33.548355;-21.291675;,
  -28.172451;40.121818;-12.807764;,
  -34.837363;31.604630;-33.115152;,
  -35.589200;41.653971;-22.248485;,
  -31.016013;49.216560;-11.935024;,
  -32.351699;60.117030;-11.620054;,
  -35.066346;55.947846;-22.996800;,
  -38.376534;43.206086;-29.355405;,
  -34.648326;50.667987;-33.129078;,
  -31.487114;45.066230;-42.203843;,
  -31.868851;24.704606;-42.095229;,
  -31.795738;31.599318;-42.055466;,
  -31.765395;40.131350;-42.402806;,
  -24.740856;36.157510;-46.828102;,
  -22.832086;39.335555;-46.856637;,
  -26.511216;24.523045;-45.061421;,
  -16.893259;32.941178;-45.113427;,
  -25.169251;30.041130;-45.146662;,
  -16.123469;36.609898;-45.034144;,
  -15.103064;30.885277;-35.774288;,
  -14.434678;35.709526;-35.705757;,
  -16.075998;26.552546;-36.121357;,
  -19.583816;28.237258;-43.271190;,
  -19.653550;22.015062;-38.242826;,
  -21.970045;23.523669;-43.823299;,
  -22.594288;14.935283;-41.617120;,
  -28.218528;16.495192;-48.406598;,
  -25.180741;15.871235;-46.651642;,
  -25.475387;12.347658;-51.786874;,
  -23.073962;9.832970;-45.546179;,
  -29.509395;13.160999;-53.553616;,
  -28.092778;1.447860;-41.107779;,
  -27.586666;6.997297;-39.503872;,
  -25.874907;1.280237;-46.684822;,
  -22.622835;6.065642;-56.880896;,
  -24.354565;1.256895;-53.859936;,
  -21.047197;0.573434;-62.022323;,
  -31.028758;9.570696;-61.085613;,
  -25.699120;8.191938;-60.047354;,
  -21.653717;5.740252;-63.583955;,
  -20.883501;0.478652;-68.019898;,
  -35.526614;8.595674;-59.510138;,
  -22.207134;3.630200;-68.944435;,
  -21.755214;0.321147;-71.742880;,
  -24.934648;1.178603;-68.607680;,
  -26.936707;7.025718;-64.870688;,
  -27.303277;2.376592;-65.217542;,
  -29.987200;2.055555;-69.365120;,
  -31.737571;8.775597;-64.434899;,
  -32.386998;5.263058;-70.026848;,
  -32.943242;1.215767;-73.642624;,
  -34.432461;1.911345;-69.126157;,
  -35.823203;7.017966;-64.535226;,
  -35.905706;2.635646;-64.542163;,
  -39.049888;1.672657;-67.689018;,
  -40.574941;6.083671;-62.613344;,
  -41.795222;4.338694;-69.091706;,
  -42.294186;1.109004;-71.120096;,
  -42.521376;1.688530;-65.955194;,
  -39.049888;1.672657;-67.689018;,
  0.000000;97.120755;-7.542920;,
  5.240226;97.150624;3.126580;,
  12.352091;93.207578;-8.642605;,
  12.946938;95.063206;-18.780598;,
  0.000000;99.843802;-18.439283;,
  12.217642;95.046400;-27.891165;,
  0.000000;100.694406;-28.308227;,
  8.491924;93.454938;-50.725619;,
  0.000000;95.329926;-50.777002;,
  4.816550;85.379533;-61.678074;,
  0.000000;85.815341;-62.507418;,
  21.884568;85.151629;-26.792579;,
  14.120589;91.801600;-14.271989;,
  17.840771;84.597030;-49.595258;,
  10.774288;81.894861;-60.394643;,
  20.239208;80.797293;-0.369561;,
  26.535227;75.046778;-14.919789;,
  26.037277;71.226125;-30.163331;,
  24.221491;70.674643;-44.003030;,
  20.642722;75.363821;-52.748586;,
  15.824112;78.345306;-58.484640;,
  0.000000;97.120755;-7.542920;,
  -12.352091;93.207578;-8.642605;,
  -5.240226;97.150624;3.126580;,
  -12.946938;95.063206;-18.780598;,
  0.000000;99.843802;-18.439283;,
  -12.217642;95.046400;-27.891165;,
  0.000000;100.694406;-28.308227;,
  -8.491924;93.454938;-50.725619;,
  0.000000;95.329926;-50.777002;,
  -4.816550;85.379533;-61.678074;,
  0.000000;85.815341;-62.507418;,
  -21.884568;85.151629;-26.792579;,
  -14.120589;91.801600;-14.271989;,
  -17.840771;84.597030;-49.595258;,
  -10.774288;81.894861;-60.394643;,
  -26.535227;75.046778;-14.919789;,
  -20.239208;80.797293;-0.369561;,
  -26.037277;71.226125;-30.163331;,
  -24.221491;70.674643;-44.003030;,
  -20.642722;75.363821;-52.748586;,
  -15.824112;78.345306;-58.484640;,
  -21.805730;2.253058;43.056214;,
  -25.818435;2.190176;43.862771;,
  -24.252008;1.682121;39.899043;,
  -26.995450;2.176642;47.699814;,
  -19.013666;1.972049;47.381043;,
  -18.701395;1.965725;47.462429;,
  -27.242842;1.720700;48.115837;,
  -12.331727;1.229687;45.326509;,
  -13.076570;0.974708;52.562163;,
  -15.012162;1.082619;60.173101;,
  -27.486618;1.619927;61.244288;,
  -30.725914;0.916799;54.097862;,
  -27.469680;1.876894;48.080621;,
  -32.017379;1.785720;50.138307;,
  -30.468250;1.542650;45.581891;,
  -32.858643;1.508754;46.970186;,
  -34.011741;1.474992;43.273219;,
  -21.104162;2.501002;69.385069;,
  -17.673406;2.207988;68.388595;,
  -23.942925;2.614725;68.421331;,
  20.081894;98.446118;-59.154240;,
  0.000000;93.211072;-76.005242;,
  0.000000;112.884954;-59.922496;,
  12.008945;85.760122;-72.426944;,
  37.118950;72.732634;-54.997901;,
  26.709766;97.141645;-49.422950;,
  9.139220;76.819398;-81.478208;,
  0.000000;81.599962;-83.031891;,
  24.049142;66.991187;-70.401824;,
  31.968451;47.554813;-58.004000;,
  21.872408;49.456570;-71.055738;,
  2.928605;73.762874;-87.725587;,
  0.000000;74.310157;-89.157235;,
  17.510170;62.955814;-79.286317;,
  0.365890;73.070106;-95.266342;,
  0.000000;72.987910;-95.338669;,
  8.497079;70.225875;-87.870758;,
  0.000000;71.046426;-96.869645;,
  1.680137;70.633933;-99.429299;,
  0.000000;68.056282;-102.215584;,
  17.441157;49.778435;-78.663014;,
  4.421530;67.251578;-102.632045;,
  5.927618;69.823770;-101.157722;,
  10.324147;69.994861;-99.767424;,
  4.413617;62.945606;-108.556659;,
  0.000000;62.441466;-108.279053;,
  9.797705;64.466054;-103.725683;,
  3.317402;60.068915;-112.368678;,
  0.000000;60.248582;-112.589760;,
  7.486502;61.082566;-108.849421;,
  2.221982;57.861645;-112.668698;,
  0.000000;57.879162;-112.889011;,
  0.000000;55.681395;-115.635277;,
  3.915165;57.570854;-111.680691;,
  3.804922;53.964954;-115.461286;,
  0.000000;54.882074;-120.892890;,
  5.882273;54.998381;-110.501939;,
  7.397826;55.393350;-108.069158;,
  2.244892;53.734675;-120.876250;,
  7.837394;53.813626;-108.365888;,
  1.102528;54.174253;-123.615117;,
  0.000000;54.773875;-123.960397;,
  1.076785;52.365101;-123.596608;,
  0.000000;52.260429;-123.829082;,
  0.000000;50.000835;-122.290227;,
  2.586116;50.127306;-121.454976;,
  0.000000;47.840458;-122.215578;,
  1.065289;44.530621;-120.402714;,
  0.000000;46.241613;-119.866304;,
  4.790381;50.413376;-118.144640;,
  2.850265;47.834835;-121.369472;,
  2.478739;46.303066;-119.785152;,
  4.734153;47.645142;-119.453568;,
  2.442782;43.431782;-118.043738;,
  3.569738;46.256096;-117.133709;,
  5.896844;48.018560;-116.048026;,
  4.784701;43.593040;-114.431949;,
  6.599779;51.466406;-112.474829;,
  6.756708;48.699971;-113.229133;,
  5.468136;47.205280;-112.597965;,
  5.824482;44.970048;-109.403302;,
  7.536543;49.317958;-110.672602;,
  6.279918;48.258909;-108.867917;,
  8.736512;51.531722;-106.449670;,
  7.464167;48.862442;-107.961357;,
  5.733200;46.599869;-106.988442;,
  8.736512;51.531722;-106.449670;,
  6.832182;49.539731;-106.042086;,
  9.675073;54.097818;-105.326310;,
  8.525498;50.086291;-104.954547;,
  6.268723;47.644118;-104.623315;,
  7.770514;50.193715;-103.912032;,
  9.540210;51.462861;-103.357824;,
  8.488310;48.702934;-102.848090;,
  9.346095;50.963472;-101.325606;,
  10.880433;51.901600;-101.606726;,
  9.413230;56.623891;-105.136858;,
  11.697548;54.059757;-101.523488;,
  9.523075;60.643910;-105.328096;,
  12.260079;57.855334;-100.235718;,
  13.354519;53.654128;-96.557082;,
  11.112944;61.617837;-101.434630;,
  10.457640;47.165882;-97.613485;,
  15.514086;54.586381;-91.061389;,
  7.825578;47.693210;-100.140589;,
  6.605281;49.835734;-100.124570;,
  15.940501;60.145293;-91.675878;,
  9.051457;47.673104;-100.094925;,
  7.979736;47.547309;-101.324614;,
  7.394728;49.010781;-102.084237;,
  7.217176;46.354550;-102.381760;,
  7.990334;45.701434;-102.092448;,
  7.494934;46.139766;-103.754502;,
  6.795571;47.955043;-104.109805;,
  6.227707;44.857411;-105.250419;,
  6.853244;44.592819;-105.096973;,
  5.642821;46.417075;-106.654726;,
  5.619452;43.928614;-107.495245;,
  5.784528;43.286995;-107.965030;,
  5.228742;44.825952;-108.898304;,
  4.989680;43.348198;-109.032115;,
  6.957069;44.137990;-105.253606;,
  5.170183;42.257187;-110.449382;,
  4.494862;44.777139;-110.705702;,
  4.511644;42.784746;-111.562099;,
  6.276196;43.107734;-107.336678;,
  5.359228;41.389789;-109.929344;,
  6.608859;42.024717;-105.049926;,
  4.482795;38.564765;-109.843763;,
  4.653136;40.066922;-111.925811;,
  8.726513;44.269757;-99.161056;,
  7.378033;40.919664;-100.241011;,
  12.446723;47.017574;-90.617459;,
  6.009595;39.800797;-93.561523;,
  4.002012;35.386666;-105.334266;,
  6.257674;40.369946;-86.257926;,
  13.791880;48.474291;-84.591181;,
  0.000000;37.686822;-86.477626;,
  0.000000;37.550278;-95.155219;,
  0.000000;36.311824;-79.708160;,
  0.000000;34.979619;-103.429395;,
  0.000000;31.764016;-108.821568;,
  8.926989;40.128963;-78.872512;,
  12.528784;36.738982;-69.702995;,
  0.000000;31.168077;-68.471475;,
  19.901202;31.908438;-55.796160;,
  0.000000;23.545282;-57.351066;,
  21.451994;48.088006;-71.009523;,
  32.619946;45.489610;-50.473350;,
  16.785722;58.260218;-84.584838;,
  12.891015;65.162816;-85.659891;,
  15.902560;62.383315;-89.172659;,
  11.797025;67.657747;-87.468986;,
  15.134555;65.936698;-90.953894;,
  11.884243;70.552480;-91.892262;,
  12.442680;70.114950;-89.624346;,
  13.022655;69.597146;-92.397741;,
  13.485082;64.160582;-95.302970;,
  11.107528;67.827270;-97.252640;,
  2.516245;27.200141;-113.179149;,
  0.000000;26.906352;-112.583437;,
  0.000000;25.424421;-116.835046;,
  3.400319;31.965565;-110.222400;,
  1.877987;26.049549;-117.906061;,
  0.000000;25.866363;-128.325978;,
  3.342574;36.947232;-111.335718;,
  1.945473;28.329427;-118.982208;,
  0.000000;29.069936;-121.272563;,
  0.000000;35.004237;-115.327654;,
  3.029580;33.675875;-112.539891;,
  0.000000;37.689648;-114.220211;,
  2.474025;39.263664;-113.747226;,
  0.000000;39.139133;-114.343219;,
  4.483785;40.961805;-112.566144;,
  2.343518;40.383034;-115.247603;,
  0.000000;40.226960;-115.590618;,
  0.933103;40.587693;-114.621312;,
  0.000000;41.029834;-113.832563;,
  0.000000;42.268957;-114.380838;,
  0.699679;42.930669;-114.507443;,
  1.866429;41.040336;-113.896243;,
  2.946403;40.837280;-113.686490;,
  2.746358;42.788541;-113.686848;,
  3.425780;42.196294;-112.993152;,
  4.421603;42.424342;-112.704947;,
  3.994484;43.848355;-113.064922;,
  1.866429;41.040336;-113.896243;,
  3.425780;42.196294;-112.993152;,
  2.746358;42.788541;-113.686848;,
  3.402732;41.588413;-111.952512;,
  4.511644;42.784746;-111.562099;,
  4.214342;42.257187;-110.449382;,
  3.994484;43.848355;-113.064922;,
  0.000000;93.211072;-76.005242;,
  -20.081894;98.446118;-59.154240;,
  0.000000;112.884954;-59.922496;,
  -12.008945;85.760122;-72.426944;,
  -37.118950;72.732634;-54.997901;,
  -26.709766;97.141645;-49.422950;,
  -9.139220;76.819398;-81.478208;,
  0.000000;81.599962;-83.031891;,
  -24.049142;66.991187;-70.401824;,
  -31.968451;47.554813;-58.004000;,
  -21.872408;49.456570;-71.055738;,
  -2.928605;73.762874;-87.725587;,
  0.000000;74.310157;-89.157235;,
  -17.510170;62.955814;-79.286317;,
  -0.365890;73.070106;-95.266342;,
  0.000000;72.987910;-95.338669;,
  -8.497079;70.225875;-87.870758;,
  0.000000;71.046426;-96.869645;,
  -1.680137;70.633933;-99.429299;,
  0.000000;68.056282;-102.215584;,
  -17.441157;49.778435;-78.663014;,
  -4.421530;67.251578;-102.632045;,
  -5.927618;69.823770;-101.157722;,
  -10.324147;69.994861;-99.767424;,
  -4.413617;62.945606;-108.556659;,
  0.000000;62.441466;-108.279053;,
  -9.797705;64.466054;-103.725683;,
  -3.317402;60.068915;-112.368678;,
  0.000000;60.248582;-112.589760;,
  -7.486502;61.082566;-108.849421;,
  -2.221982;57.861645;-112.668698;,
  0.000000;57.879162;-112.889011;,
  0.000000;55.681395;-115.635277;,
  -3.915165;57.570854;-111.680691;,
  -3.804922;53.964954;-115.461286;,
  0.000000;54.882074;-120.892890;,
  -5.882273;54.998381;-110.501939;,
  -2.244892;53.734675;-120.876250;,
  -1.102528;54.174253;-123.615117;,
  0.000000;54.773875;-123.960397;,
  -1.076785;52.365101;-123.596608;,
  0.000000;52.260429;-123.829082;,
  0.000000;50.000835;-122.290227;,
  -2.586116;50.127306;-121.454976;,
  0.000000;47.840458;-122.215578;,
  -4.790381;50.413376;-118.144640;,
  -2.850265;47.834835;-121.369472;,
  0.000000;46.241613;-119.866304;,
  -1.065289;44.530621;-120.402714;,
  -2.478739;46.303066;-119.785152;,
  -4.734153;47.645142;-119.453568;,
  -2.442782;43.431782;-118.043738;,
  -3.569738;46.256096;-117.133709;,
  -5.896844;48.018560;-116.048026;,
  -4.784701;43.593040;-114.431949;,
  -6.599779;51.466406;-112.474829;,
  -6.756708;48.699971;-113.229133;,
  -5.468136;47.205280;-112.597965;,
  -5.824482;44.970048;-109.403302;,
  -7.536543;49.317958;-110.672602;,
  -6.279918;48.258909;-108.867917;,
  -7.837394;53.813626;-108.365888;,
  -7.464167;48.862442;-107.961357;,
  -5.733200;46.599869;-106.988442;,
  -6.832182;49.539731;-106.042086;,
  -8.736512;51.531722;-106.449670;,
  -8.736512;51.531722;-106.449670;,
  -8.525498;50.086291;-104.954547;,
  -6.268723;47.644118;-104.623315;,
  -7.770514;50.193715;-103.912032;,
  -9.540210;51.462861;-103.357824;,
  -8.488310;48.702934;-102.848090;,
  -9.346095;50.963472;-101.325606;,
  -9.675073;54.097818;-105.326310;,
  -7.397826;55.393350;-108.069158;,
  -10.880433;51.901600;-101.606726;,
  -9.413230;56.623891;-105.136858;,
  -11.697548;54.059757;-101.523488;,
  -9.523075;60.643910;-105.328096;,
  -12.260079;57.855334;-100.235718;,
  -13.354519;53.654128;-96.557082;,
  -11.112944;61.617837;-101.434630;,
  -10.457640;47.165882;-97.613485;,
  -15.514086;54.586381;-91.061389;,
  -7.825578;47.693210;-100.140589;,
  -6.605281;49.835734;-100.124570;,
  -12.446723;47.017574;-90.617459;,
  -9.051457;47.673104;-100.094925;,
  -7.979736;47.547309;-101.324614;,
  -7.394728;49.010781;-102.084237;,
  -7.217176;46.354550;-102.381760;,
  -7.990334;45.701434;-102.092448;,
  -7.494934;46.139766;-103.754502;,
  -6.795571;47.955043;-104.109805;,
  -6.227707;44.857411;-105.250419;,
  -6.853244;44.592819;-105.096973;,
  -5.642821;46.417075;-106.654726;,
  -5.619452;43.928614;-107.495245;,
  -8.726513;44.269757;-99.161056;,
  -6.957069;44.137990;-105.253606;,
  -5.784528;43.286995;-107.965030;,
  -5.228742;44.825952;-108.898304;,
  -4.989680;43.348198;-109.032115;,
  -6.608859;42.024717;-105.049926;,
  -6.276196;43.107734;-107.336678;,
  -5.170183;42.257187;-110.449382;,
  -4.494862;44.777139;-110.705702;,
  -4.511644;42.784746;-111.562099;,
