xof 0303txt 0032
template ColorRGBA {
 <35ff44e0-6c7c-11cf-8f52-0040333594a3>
 FLOAT red;
 FLOAT green;
 FLOAT blue;
 FLOAT alpha;
}

template ColorRGB {
 <d3e16e81-7835-11cf-8f52-0040333594a3>
 FLOAT red;
 FLOAT green;
 FLOAT blue;
}

template Material {
 <3d82ab4d-62da-11cf-ab39-0020af71e433>
 ColorRGBA faceColor;
 FLOAT power;
 ColorRGB specularColor;
 ColorRGB emissiveColor;
 [...]
}

template TextureFilename {
 <a42790e1-7810-11cf-8f52-0040333594a3>
 STRING filename;
}

template Frame {
 <3d82ab46-62da-11cf-ab39-0020af71e433>
 [...]
}

template Matrix4x4 {
 <f6f23f45-7686-11cf-8f52-0040333594a3>
 array FLOAT matrix[16];
}

template FrameTransformMatrix {
 <f6f23f41-7686-11cf-8f52-0040333594a3>
 Matrix4x4 frameMatrix;
}

template Vector {
 <3d82ab5e-62da-11cf-ab39-0020af71e433>
 FLOAT x;
 FLOAT y;
 FLOAT z;
}

template MeshFace {
 <3d82ab5f-62da-11cf-ab39-0020af71e433>
 DWORD nFaceVertexIndices;
 array DWORD faceVertexIndices[nFaceVertexIndices];
}

template Mesh {
 <3d82ab44-62da-11cf-ab39-0020af71e433>
 DWORD nVertices;
 array Vector vertices[nVertices];
 DWORD nFaces;
 array MeshFace faces[nFaces];
 [...]
}

template MeshNormals {
 <f6f23f43-7686-11cf-8f52-0040333594a3>
 DWORD nNormals;
 array Vector normals[nNormals];
 DWORD nFaceNormals;
 array MeshFace faceNormals[nFaceNormals];
}

template MeshMaterialList {
 <f6f23f42-7686-11cf-8f52-0040333594a3>
 DWORD nMaterials;
 DWORD nFaceIndexes;
 array DWORD faceIndexes[nFaceIndexes];
 [Material <3d82ab4d-62da-11cf-ab39-0020af71e433>]
}

template Coords2d {
 <f6f23f44-7686-11cf-8f52-0040333594a3>
 FLOAT u;
 FLOAT v;
}

template MeshTextureCoords {
 <f6f23f40-7686-11cf-8f52-0040333594a3>
 DWORD nTextureCoords;
 array Coords2d textureCoords[nTextureCoords];
}

template XSkinMeshHeader {
 <3cf169ce-ff7c-44ab-93c0-f78f62d172e2>
 WORD nMaxSkinWeightsPerVertex;
 WORD nMaxSkinWeightsPerFace;
 WORD nBones;
}

template SkinWeights {
 <6f0d123b-bad2-4167-a0d0-80224f25fabb>
 STRING transformNodeName;
 DWORD nWeights;
 array DWORD vertexIndices[nWeights];
 array FLOAT weights[nWeights];
 Matrix4x4 matrixOffset;
}

template AnimTicksPerSecond {
 <9e415a43-7ba6-4a73-8743-b73d47e88476>
 DWORD AnimTicksPerSecond;
}

template Animation {
 <3d82ab4f-62da-11cf-ab39-0020af71e433>
 [...]
}

template AnimationSet {
 <3d82ab50-62da-11cf-ab39-0020af71e433>
 [Animation <3d82ab4f-62da-11cf-ab39-0020af71e433>]
}

template FloatKeys {
 <10dd46a9-775b-11cf-8f52-0040333594a3>
 DWORD nValues;
 array FLOAT values[nValues];
}

template TimedFloatKeys {
 <f406b180-7b3b-11cf-8f52-0040333594a3>
 DWORD time;
 FloatKeys tfkeys;
}

template AnimationKey {
 <10dd46a8-775b-11cf-8f52-0040333594a3>
 DWORD keyType;
 DWORD nKeys;
 array TimedFloatKeys keys[nKeys];
}


Material m_gargoyle01 {
 1.000000;1.000000;1.000000;1.000000;;
 10.000000;
 0.000000;0.000000;0.000000;;
 0.000000;0.000000;0.000000;;

 TextureFilename {
  "t_gargoyle01_df.tga";
 }
}

Frame bip001 {
 

 FrameTransformMatrix {
  0.000000,-0.900443,-0.434975,0.000000,0.000001,0.434975,-0.900443,0.000000,1.000000,-0.000000,0.000001,0.000000,0.000002,93.112166,57.457856,1.000000;;
 }

 Frame bip001-pelvis {
  

  FrameTransformMatrix {
   0.149798,0.987684,0.045175,0.000000,0.064249,-0.055318,0.996399,0.000000,0.986627,-0.146356,-0.071744,0.000000,0.000000,0.000000,0.000000,1.000000;;
  }

  Frame bip001-spine {
   

   FrameTransformMatrix {
    0.983650,-0.084954,-0.158792,0.000000,0.068923,0.992199,-0.103878,0.000000,0.166379,0.091235,0.981832,0.000000,23.947357,-1.444715,-4.972252,1.000000;;
   }

   Frame bip001-spine1 {
    

    FrameTransformMatrix {
     0.996103,-0.076663,-0.043618,0.000000,0.073251,0.994483,-0.075082,0.000000,0.049134,0.071594,0.996223,0.000000,44.133786,-0.003841,-0.053505,1.000000;;
    }

    Frame bip001-neck {
     

     FrameTransformMatrix {
      0.970674,0.026769,-0.238907,0.000000,-0.044105,0.996743,-0.067515,0.000000,0.236321,0.076072,0.968692,0.000000,67.459654,-0.002321,14.235352,1.000000;;
     }

     Frame bip001-l-clavicle {
      

      FrameTransformMatrix {
       -0.179107,0.983523,0.024546,0.000000,0.954575,0.167687,0.246309,0.000000,0.238134,0.067547,-0.968881,0.000000,-23.504371,13.688211,-16.995568,1.000000;;
      }

      Frame bip001-l-upperarm {
       

       FrameTransformMatrix {
        0.880335,-0.285783,-0.378601,0.000000,0.356471,0.925141,0.130545,0.000000,0.312952,-0.249884,0.916307,0.000000,29.078362,0.000015,0.000000,1.000000;;
       }

       Frame bip001-l-forearm {
        

        FrameTransformMatrix {
         0.428134,-0.000000,-0.903715,0.000000,0.000000,1.000000,0.000000,0.000000,0.903715,0.000000,0.428134,0.000000,53.286336,-0.000015,0.000000,1.000000;;
        }

        Frame bip001-l-hand {
         

         FrameTransformMatrix {
          0.557585,0.702521,-0.442226,0.000000,0.136279,0.448031,0.883570,0.000000,0.818857,-0.552932,0.154076,0.000000,132.350963,0.000015,-0.000023,1.000000;;
         }

         Frame bip001-l-finger0 {
          

          FrameTransformMatrix {
           0.722657,-0.566547,0.395969,0.000000,0.545163,0.819350,0.177374,0.000000,-0.424928,0.087687,0.900970,0.000000,18.228904,-14.825714,0.621051,1.000000;;
          }
         }

         Frame bip001-l-finger1 {
          

          FrameTransformMatrix {
           0.732411,0.601926,0.318212,0.000000,-0.635089,0.772439,0.000615,0.000000,-0.245429,-0.202543,0.948020,0.000000,17.162056,14.152451,3.827174,1.000000;;
          }
         }
        }

        Frame wing_l_bone_01 {
         

         FrameTransformMatrix {
          -0.155395,0.250305,0.955615,0.000000,-0.049335,0.964193,-0.260574,0.000000,-0.986620,-0.087637,-0.137482,0.000000,75.105050,-5.521019,6.254646,1.000000;;
         }

         Frame wing_l_bone_02 {
          

          FrameTransformMatrix {
           0.964798,-0.092878,0.246046,0.000000,0.105384,0.993701,-0.038127,0.000000,-0.240955,0.062714,0.968508,0.000000,46.702186,0.676193,9.510834,1.000000;;
          }

          Frame wing_l_bone_03 {
           

           FrameTransformMatrix {
            0.803890,0.197327,0.561091,0.000000,-0.179004,0.979891,-0.088150,0.000000,-0.567202,-0.029575,0.823047,0.000000,62.958848,0.000015,-0.000011,1.000000;;
           }
          }
         }
        }
       }
      }
     }

     Frame bip001-r-clavicle {
      

      FrameTransformMatrix {
       -0.231436,-0.964896,-0.124153,0.000000,-0.943255,0.253798,-0.214141,0.000000,0.238134,0.067548,-0.968881,0.000000,-24.131798,-9.673882,-18.778518,1.000000;;
      }

      Frame bip001-r-upperarm {
       

       FrameTransformMatrix {
        0.909723,0.297675,0.289472,0.000000,-0.263173,0.952614,-0.152535,0.000000,-0.321160,0.062584,0.944955,0.000000,29.078374,0.000000,-0.000008,1.000000;;
       }

       Frame bip001-r-forearm {
        

        FrameTransformMatrix {
         -0.051949,-0.000000,-0.998650,0.000000,0.000000,1.000000,-0.000000,0.000000,0.998650,-0.000000,-0.051949,0.000000,53.286355,0.000015,0.000000,1.000000;;
        }

        Frame bip001-r-hand {
         

         FrameTransformMatrix {
          0.444557,-0.848165,-0.288074,0.000000,0.002062,0.322569,-0.946544,0.000000,0.895748,0.420198,0.145149,0.000000,132.350925,0.000000,-0.000004,1.000000;;
         }

         Frame bip001-r-finger0 {
          

          FrameTransformMatrix {
           0.760842,0.549942,0.344505,0.000000,-0.571037,0.819569,-0.047159,0.000000,-0.308280,-0.160844,0.937599,0.000000,18.228898,14.825722,0.621050,1.000000;;
          }
         }

         Frame bip001-r-finger1 {
          

          FrameTransformMatrix {
           0.750700,-0.617029,0.236061,0.000000,0.635089,0.772439,-0.000615,0.000000,-0.181963,0.150382,0.971738,0.000000,17.162056,-14.152427,3.827175,1.000000;;
          }
         }
        }

        Frame wing_r_bone_01 {
         

         FrameTransformMatrix {
          -0.155396,-0.250302,0.955616,0.000000,-0.049334,-0.964193,-0.260571,0.000000,0.986620,-0.087636,0.137483,0.000000,75.104902,5.521118,6.254837,1.000000;;
         }

         Frame wing_r_bone_02 {
          

          FrameTransformMatrix {
           0.943738,-0.089376,-0.318387,0.000000,0.106794,0.993568,0.037642,0.000000,0.312975,-0.069526,0.947213,0.000000,46.702240,0.676201,-9.510861,1.000000;;
          }

          Frame wing_r_bone_03 {
           

           FrameTransformMatrix {
            0.744599,0.172428,-0.644858,0.000000,-0.160786,0.983946,0.077442,0.000000,0.647859,0.046021,0.760369,0.000000,62.958822,0.000038,-0.000046,1.000000;;
           }
          }
         }
        }
       }
      }
     }

     Frame bip001-head {
      

      FrameTransformMatrix {
       0.976246,0.085439,-0.199108,0.000000,-0.086208,0.996266,0.004820,0.000000,0.198777,0.012459,0.979966,0.000000,44.150099,0.000011,4.690422,1.000000;;
      }

      Frame mouth_bone_01 {
       

       FrameTransformMatrix {
        0.974158,-0.000001,0.225868,0.000000,-0.000001,-1.000000,-0.000000,0.000000,0.225868,-0.000000,-0.974158,0.000000,10.227050,-0.000172,26.082848,1.000000;;
       }
      }
     }
    }
   }

   Frame bip001-l-thigh {
    

    FrameTransformMatrix {
     -0.904312,0.190733,0.381892,0.000000,0.035197,0.924897,-0.378586,0.000000,-0.425420,-0.328918,-0.843108,0.000000,-26.692181,25.241398,3.417915,1.000000;;
    }

    Frame bip001-l-calf {
     

     FrameTransformMatrix {
      0.544549,-0.000000,-0.838729,0.000000,-0.000000,1.000000,-0.000000,0.000000,0.838729,0.000000,0.544550,0.000000,55.033952,0.000000,0.000000,1.000000;;
     }

     Frame bip001-l-foot {
      

      FrameTransformMatrix {
       0.871663,-0.375844,0.314554,0.000000,-0.249217,-0.892542,-0.375845,0.000000,0.422012,0.249218,-0.871663,0.000000,42.170189,0.000000,0.000000,1.000000;;
      }

      Frame bip001-l-toe0 {
       

       FrameTransformMatrix {
        -0.000001,-0.000001,1.000000,0.000000,0.000000,1.000000,0.000001,0.000000,-1.000000,0.000000,-0.000001,0.000000,12.923469,-0.026703,27.926042,1.000000;;
       }
      }
     }
    }
   }

   Frame bip001-r-thigh {
    

    FrameTransformMatrix {
     -0.769383,-0.289253,0.569546,0.000000,-0.076392,0.926869,0.367530,0.000000,-0.634204,0.239263,-0.735213,0.000000,-22.244026,-26.708595,-1.359093,1.000000;;
    }

    Frame bip001-r-calf {
     

     FrameTransformMatrix {
      0.562632,0.000000,-0.826708,0.000000,0.000000,1.000000,0.000000,0.000000,0.826708,-0.000000,0.562632,0.000000,55.033939,0.000000,0.000000,1.000000;;
     }

     Frame bip001-r-foot {
      

      FrameTransformMatrix {
       0.809908,0.313679,0.495636,0.000000,0.105099,-0.908923,0.403501,0.000000,0.577065,-0.274708,-0.769111,0.000000,42.170189,0.000011,0.000004,1.000000;;
      }

      Frame bip001-r-toe0 {
       

       FrameTransformMatrix {
        0.000000,-0.000002,1.000000,0.000000,0.000001,1.000000,0.000002,0.000000,-1.000000,0.000001,0.000000,0.000000,12.923471,0.026604,27.926038,1.000000;;
       }
      }
     }
    }
   }
  }

  Frame tail_bone_01 {
   

   FrameTransformMatrix {
    -0.955659,-0.284051,0.077667,0.000000,0.289643,-0.954281,0.073848,0.000000,0.053140,0.093069,0.994241,0.000000,-18.205218,0.000023,-6.808212,1.000000;;
   }

   Frame tail_bone_02 {
    

    FrameTransformMatrix {
     0.854723,-0.062938,-0.515254,0.000000,0.053897,0.998017,-0.032502,0.000000,0.516278,0.000010,0.856421,0.000000,67.980512,0.000008,0.000015,1.000000;;
    }

    Frame tail_bone_03 {
     

     FrameTransformMatrix {
      0.753333,-0.220244,-0.619663,0.000000,0.170027,0.975445,-0.139993,0.000000,0.635279,0.000102,0.772283,0.000000,56.965472,-0.000005,-0.000008,1.000000;;
     }

     Frame tail_bone_04 {
      

      FrameTransformMatrix {
       0.786962,-0.167277,-0.593894,0.000000,0.133586,0.985910,-0.100681,0.000000,0.602367,-0.000104,0.798220,0.000000,32.395722,-0.000008,0.000015,1.000000;;
      }
     }
    }
   }
  }
 }
}

Frame gargoyle01 {
 

 FrameTransformMatrix {
  1.000000,0.000000,0.000000,0.000000,0.000000,1.000000,0.000000,0.000000,0.000000,0.000000,1.000000,0.000000,0.000000,0.000000,0.000000,1.000000;;
 }

 Mesh gargoyle01 {
  2090;
  11.063089;73.842074;-140.547597;,
  16.245125;73.441997;-139.018445;,
  13.584298;73.021114;-138.972198;,
  52.787475;11.541418;21.020584;,
  53.708269;4.411023;14.505206;,
  53.572688;7.577190;15.320088;,
  95.247443;107.299693;-15.384738;,
  98.941926;127.906739;0.434697;,
  94.379347;126.468134;-6.101414;,
  -16.245075;73.441997;-139.018445;,
  -11.063039;73.842074;-140.547597;,
  -13.584248;73.021114;-138.972198;,
  -53.708269;4.411023;14.505187;,
  -52.787485;11.541418;21.020566;,
  -53.572698;7.577190;15.320069;,
  -98.941926;127.906739;0.434662;,
  -95.247443;107.299693;-15.384770;,
  -94.379347;126.468134;-6.101447;,
  198.041805;92.277907;44.094026;,
  196.191898;96.150131;43.124288;,
  195.281101;90.786886;43.449168;,
  196.453594;98.763315;40.487978;,
  190.699443;98.895942;37.075341;,
  -198.041830;92.277907;44.093955;,
  -195.281114;90.786886;43.449101;,
  -196.191910;96.150131;43.124218;,
  -196.453619;98.763315;40.487907;,
  -190.699469;98.895942;37.075270;,
  6.627028;55.969363;-142.494618;,
  6.668682;59.470010;-148.521587;,
  5.397624;53.313050;-144.503040;,
  4.206304;52.503866;-144.508198;,
  6.620361;56.308070;-140.865446;,
  1.683179;51.534518;-147.828083;,
  2.383968;53.808595;-149.915878;,
  0.000025;51.353443;-144.952077;,
  0.000026;53.799597;-150.720538;,
  1.764174;51.853926;-144.735667;,
  0.000025;49.687126;-141.861990;,
  3.244097;51.601779;-140.193421;,
  0.000024;51.835453;-139.316762;,
  0.000024;54.730848;-136.918029;,
  4.977031;54.481242;-137.742387;,
  6.443394;58.488371;-134.404736;,
  0.000023;58.229632;-132.838592;,
  8.090472;59.961664;-137.476992;,
  6.113486;62.620909;-131.537126;,
  0.000023;63.144621;-130.077158;,
  9.561890;65.405946;-141.038899;,
  9.168126;62.928781;-135.054170;,
  0.000022;68.824122;-128.017587;,
  9.809954;66.044896;-133.613619;,
  5.577610;74.788512;-127.657574;,
  0.000022;74.296941;-127.362163;,
  6.831159;67.281523;-129.267277;,
  10.378229;71.409651;-130.927424;,
  11.778090;70.359450;-133.096768;,
  11.347847;69.448026;-142.205325;,
  10.663355;69.850624;-144.781466;,
  11.413158;63.872038;-143.977011;,
  9.231865;73.806938;-145.694669;,
  11.063089;73.842074;-140.547597;,
  8.965975;65.576896;-149.483443;,
  8.141427;70.421952;-150.414234;,
  8.980591;77.806170;-139.631770;,
  13.584298;73.021114;-138.972198;,
  13.555235;67.808454;-137.318374;,
  13.759768;74.187373;-135.286234;,
  4.137414;74.584941;-151.351731;,
  9.696618;76.862509;-134.521216;,
  12.996649;73.171386;-134.152691;,
  7.111539;77.041850;-145.394048;,
  0.000025;79.637939;-144.816486;,
  0.000024;79.920038;-139.062848;,
  0.000026;76.325523;-151.473984;,
  0.000023;78.300378;-132.501517;,
  3.646727;69.896525;-152.879206;,
  0.000027;69.262861;-153.677286;,
  7.046389;65.709798;-151.457869;,
  5.577610;74.788512;-127.657574;,
  0.000022;74.296941;-127.362163;,
  4.269192;65.851072;-153.708250;,
  5.738238;60.617459;-151.930304;,
  11.975798;74.172506;-133.084659;,
  10.378229;71.409651;-130.927424;,
  11.778090;70.359450;-133.096768;,
  1.847616;66.758016;-154.061581;,
  3.896262;64.710618;-154.503923;,
  0.000027;66.350317;-154.429158;,
  2.101796;64.783366;-154.866893;,
  2.002662;61.877146;-155.761446;,
  0.000027;66.178438;-154.865997;,
  0.865436;61.989830;-156.137613;,
  -6.626978;55.969363;-142.494618;,
  -5.397574;53.313050;-144.503040;,
  -6.668630;59.470010;-148.521587;,
  -4.206253;52.503866;-144.508198;,
  -6.620312;56.308070;-140.865446;,
  -1.683128;51.534518;-147.828083;,
  -2.383916;53.808595;-149.915878;,
  0.000025;51.353443;-144.952077;,
  0.000026;53.799597;-150.720538;,
  -1.764123;51.853926;-144.735667;,
  0.000025;49.687126;-141.861990;,
  -3.244047;51.601779;-140.193421;,
  0.000024;51.835453;-139.316762;,
  0.000024;54.730848;-136.918029;,
  -4.976983;54.481242;-137.742387;,
  -6.443346;58.488371;-134.404749;,
  0.000023;58.229632;-132.838592;,
  -8.090423;59.961664;-137.476992;,
  -6.113440;62.620909;-131.537126;,
  0.000023;63.144621;-130.077158;,
  -9.561840;65.405946;-141.038912;,
  -9.168078;62.928781;-135.054170;,
  0.000022;68.824122;-128.017587;,
  -9.809907;66.044896;-133.613619;,
  -5.577566;74.788512;-127.657574;,
  0.000022;74.296941;-127.362163;,
  -6.831114;67.281523;-129.267277;,
  -10.378183;71.409651;-130.927424;,
  -11.778042;70.359450;-133.096781;,
  -11.347798;69.448026;-142.205338;,
  -11.413107;63.872038;-143.977011;,
  -10.663304;69.850624;-144.781466;,
  -9.231814;73.806938;-145.694669;,
  -11.063039;73.842074;-140.547597;,
  -8.965922;65.576896;-149.483456;,
  -8.141374;70.421952;-150.414234;,
  -8.980542;77.806170;-139.631770;,
  -13.584248;73.021114;-138.972198;,
  -13.759722;74.187373;-135.286259;,
  -13.555189;67.808454;-137.318374;,
  -4.137362;74.584941;-151.351731;,
  -7.111488;77.041850;-145.394048;,
  0.000025;79.637939;-144.816486;,
  0.000024;79.920038;-139.062848;,
  0.000026;76.325523;-151.473984;,
  -9.696571;76.862509;-134.521216;,
  0.000023;78.300378;-132.501517;,
  -12.996602;73.171386;-134.152691;,
  -5.577566;74.788512;-127.657574;,
  0.000022;74.296941;-127.362163;,
  -11.975752;74.172506;-133.084659;,
  -11.778042;70.359450;-133.096781;,
  -10.378183;71.409651;-130.927424;,
  -3.646673;69.896525;-152.879206;,
  0.000027;69.262861;-153.677286;,
  -7.046336;65.709798;-151.457869;,
  -4.269138;65.851072;-153.708250;,
  -5.738186;60.617459;-151.930304;,
  -1.847562;66.758016;-154.061581;,
  0.000027;66.350317;-154.429158;,
  -3.896208;64.710618;-154.503923;,
  -2.101742;64.783366;-154.866893;,
  -2.002607;61.877146;-155.761446;,
  0.000027;66.178438;-154.865997;,
  -0.865381;61.989830;-156.137613;,
  205.469376;123.426227;57.499226;,
  196.191898;96.150131;43.124288;,
  198.041805;92.277907;44.094026;,
  200.875098;88.710106;41.521290;,
  207.973530;120.435174;57.465690;,
  201.189773;89.999142;36.500922;,
  211.883059;153.512128;74.169421;,
  208.892186;121.240538;54.851104;,
  198.760371;94.527392;35.644896;,
  207.440934;123.889318;53.808390;,
  196.453594;98.763315;40.487978;,
  204.762445;125.939891;54.759251;,
  205.469376;123.426227;57.499226;,
  196.191898;96.150131;43.124288;,
  18.821493;108.620109;-126.465792;,
  16.431293;109.779840;-125.268941;,
  16.621306;103.387597;-128.216666;,
  18.328224;100.640518;-136.038438;,
  20.192062;105.703226;-136.956518;,
  23.107694;111.790976;-124.981709;,
  14.145371;104.213728;-143.700979;,
  28.008477;108.657267;-138.024371;,
  18.452922;107.057830;-142.151693;,
  11.079618;106.355853;-143.621018;,
  30.623296;117.399603;-118.583642;,
  15.667784;111.055437;-141.152410;,
  10.617351;112.912960;-135.158093;,
  27.637578;110.227891;-140.623846;,
  38.195731;119.498714;-134.192563;,
  44.400413;133.222899;-128.317734;,
  42.352214;129.313024;-112.878029;,
  52.752458;145.049344;-113.033139;,
  37.383952;121.139546;-135.889126;,
  21.547925;116.333376;-138.052186;,
  14.032170;114.112704;-133.474291;,
  18.821493;108.620109;-126.465792;,
  16.431293;109.779840;-125.268941;,
  19.151398;117.402880;-130.958502;,
  23.107694;111.790976;-124.981709;,
  30.623296;117.399603;-118.583642;,
  30.360979;125.697728;-133.606246;,
  27.743597;126.038835;-126.951424;,
  42.352214;129.313024;-112.878029;,
  40.361136;135.795917;-128.245466;,
  38.621990;137.105664;-123.345958;,
  50.735834;148.089766;-118.799053;,
  52.752458;145.049344;-113.033139;,
  61.662234;160.160371;-116.767949;,
  51.869517;148.036762;-121.331622;,
  53.269216;146.718618;-121.570726;,
  92.779520;11.862809;-88.304755;,
  97.164397;9.571552;-83.124589;,
  96.251642;4.602956;-80.355962;,
  97.792006;17.222843;-81.493037;,
  91.756544;18.989187;-87.424883;,
  88.043219;13.175249;-93.133325;,
  93.241862;21.317760;-78.142592;,
  85.921997;17.296720;-94.340787;,
  76.779878;7.361792;-99.468614;,
  87.397440;24.871259;-85.154381;,
  82.131488;21.076661;-91.768499;,
  79.389914;16.205398;-88.276250;,
  84.432678;18.083403;-80.564672;,
  84.446790;13.345772;-69.165408;,
  79.888230;11.428667;-86.664045;,
  88.043219;13.175249;-93.133325;,
  83.498714;11.111813;-79.773811;,
  84.797715;3.654164;-71.024915;,
  92.779520;11.862809;-88.304755;,
  96.251642;4.602956;-80.355962;,
  52.629088;9.590075;25.343514;,
  57.287027;0.504519;25.152550;,
  53.721338;0.392226;24.686541;,
  56.562963;9.341659;26.552896;,
  52.916106;12.833518;33.385568;,
  47.591306;12.676548;26.229930;,
  60.333261;15.188949;35.157526;,
  61.909082;11.897798;28.800752;,
  45.859562;14.863979;31.329578;,
  65.591776;9.056762;29.568867;,
  43.387930;8.132254;24.922875;,
  49.278573;13.189929;42.409542;,
  40.482509;9.782674;29.902598;,
  40.878474;10.858193;42.107453;,
  40.015187;4.808198;29.657555;,
  44.877270;0.489976;24.111626;,
  41.627370;0.401848;29.309930;,
  38.943862;0.385662;39.110064;,
  37.827037;3.605637;40.478618;,
  37.155037;0.516232;51.543805;,
  39.986877;13.492010;50.633235;,
  36.619782;8.817705;55.517702;,
  36.179542;16.662851;59.482950;,
  46.962250;15.782376;49.804659;,
  38.965126;20.432045;56.347130;,
  53.135142;15.310478;51.328787;,
  45.196045;21.981510;53.924582;,
  37.410662;26.883866;59.109011;,
  34.959846;22.141272;62.846579;,
  35.436282;26.654571;64.017562;,
  44.003078;27.976016;55.814995;,
  36.399648;32.339782;59.802630;,
  34.738653;32.085344;64.808685;,
  43.009648;32.820918;56.978701;,
  34.138714;37.532554;60.731360;,
  31.249667;39.330342;67.861626;,
  41.746310;37.183328;57.115955;,
  28.525610;47.700003;65.018074;,
  28.267478;51.915728;74.627616;,
  39.595443;45.378544;57.028269;,
  26.895043;52.573158;60.415456;,
  27.045424;57.680576;67.931898;,
  33.482506;46.024538;59.980064;,
  33.452554;48.318947;52.238099;,
  27.320464;56.917466;51.988794;,
  28.891453;60.308768;57.248960;,
  33.722941;50.665062;42.769062;,
  39.892102;47.251414;49.608861;,
  41.294746;47.176973;38.850112;,
  32.529651;53.920794;40.090637;,
  42.142490;51.994432;33.819066;,
  48.804566;49.140381;40.979510;,
  27.442646;60.226733;37.942982;,
  22.416522;62.029760;52.182323;,
  25.234837;63.333037;59.463456;,
  16.968149;67.136077;54.053843;,
  20.885186;69.298170;62.208205;,
  17.412898;76.106214;66.596390;,
  21.771222;68.869178;39.452122;,
  14.347114;73.450323;56.733626;,
  14.941277;81.319418;69.836755;,
  34.297162;74.188602;31.404138;,
  17.667341;77.006483;41.476944;,
  10.977569;78.336698;59.690138;,
  8.588270;81.266221;62.918125;,
  11.306174;82.906458;79.374125;,
  14.863013;84.631853;43.188477;,
  5.513124;82.100090;64.998963;,
  7.114662;80.293165;79.704614;,
  14.643349;92.097690;41.577530;,
  -0.000012;81.982298;65.823142;,
  -0.000014;80.172122;81.365747;,
  -0.000008;87.526298;46.805510;,
  7.607814;88.334989;45.310160;,
  6.747536;92.764205;34.008486;,
  -0.000006;92.933894;35.139034;,
  12.994590;97.808038;32.543747;,
  7.960406;106.284698;21.057370;,
  -0.000004;106.283731;21.472416;,
  19.236109;104.004877;34.491283;,
  6.696618;111.515866;7.361002;,
  -0.000001;113.531507;6.921780;,
  18.029622;111.117530;23.094368;,
  18.129218;113.677542;9.692096;,
  8.330358;111.150707;-8.860598;,
  0.000001;115.480154;-7.650838;,
  0.000004;113.432627;-23.248322;,
  8.894668;111.005453;-24.316469;,
  0.000008;114.355584;-44.032512;,
  20.822192;110.867187;-6.599754;,
  5.024413;115.947763;-44.636701;,
  0.000009;106.888371;-53.123638;,
  23.747043;109.839155;-23.526518;,
  14.945541;116.135782;-47.646653;,
  4.332318;108.932570;-53.098394;,
  12.632004;113.595955;-55.696454;,
  5.215369;99.309600;-67.019379;,
  0.000012;97.968358;-65.973069;,
  0.000013;83.414214;-74.242784;,
  13.059495;104.088902;-69.578208;,
  8.553932;86.601958;-74.700147;,
  17.495558;94.056883;-78.160819;,
  11.966554;79.704877;-84.482989;,
  0.000015;76.951085;-83.925798;,
  19.001021;88.860582;-88.387270;,
  19.628330;105.819405;-85.043162;,
  19.308674;99.051878;-94.189018;,
  17.973141;110.755430;-73.754970;,
  21.791253;117.985933;-59.065984;,
  22.125555;112.932032;-75.383232;,
  27.047869;115.098355;-51.429030;,
  28.896931;115.864678;-64.496218;,
  37.467456;111.572531;-54.826976;,
  35.147562;114.149824;-23.539272;,
  34.112262;119.016051;-71.260256;,
  45.087859;117.282650;-64.747590;,
  25.472355;117.592256;-79.709395;,
  23.532088;113.437210;-88.424013;,
  27.369958;124.319232;-83.051386;,
  34.178531;128.906790;-75.575546;,
  49.337117;129.708621;-66.897338;,
  23.552021;123.246835;-91.925568;,
  26.640126;131.551603;-85.835296;,
  30.578109;138.598438;-77.837094;,
  38.342851;146.497574;-69.906502;,
  54.424890;148.132262;-60.670400;,
  19.819723;140.490893;-87.859942;,
  46.512256;159.427174;-61.097670;,
  54.953504;156.578189;-44.150182;,
  21.327770;147.623693;-80.807251;,
  24.431666;157.510387;-72.737338;,
  49.902701;165.753024;-46.751933;,
  29.353360;165.170970;-57.863878;,
  45.960019;166.194982;-32.418477;,
  52.620336;159.420595;-32.924899;,
  48.529850;153.485440;-21.987987;,
  34.551750;170.923661;-44.778989;,
  47.264950;158.069491;-22.267000;,
  37.817635;172.550822;-34.905242;,
  26.069120;175.506099;-47.487254;,
  44.807274;157.481344;-9.181549;,
  45.585347;143.010893;-12.494847;,
  45.738070;168.689997;-21.849886;,
  41.427046;174.097882;-30.607203;,
  39.515114;170.807322;-22.513200;,
  28.587507;177.365747;-21.531784;,
  39.678810;165.610586;-10.367930;,
  40.154339;149.297869;4.352806;,
  35.733632;161.640333;6.204456;,
  38.538186;139.544525;-0.447492;,
  38.986819;127.446515;-15.844466;,
  32.731171;155.451482;20.004208;,
  34.832499;126.920269;-2.559060;,
  34.348710;143.804685;16.404368;,
  32.217389;134.898176;14.130771;,
  30.497110;117.937267;-4.470110;,
  29.308045;125.836557;12.344050;,
  27.966518;135.464051;29.196883;,
  25.683573;119.589299;11.520915;,
  27.344115;126.612032;27.115357;,
  23.889046;118.951219;25.153421;,
  23.947610;113.232960;35.255498;,
  26.697629;123.292582;39.911270;,
  21.541370;97.826080;39.265072;,
  29.060410;109.733056;40.412662;,
  24.939312;92.466272;37.970826;,
  28.199907;85.232224;35.840285;,
  34.265603;102.455552;42.411683;,
  39.264195;92.008506;38.806928;,
  45.015686;80.642496;35.931514;,
  32.415885;117.596582;53.148138;,
  38.434029;105.008531;55.672122;,
  43.574954;90.939021;53.760864;,
  24.319235;131.559987;43.504918;,
  29.432298;103.326560;74.700416;,
  25.997560;147.310029;33.677402;,
  26.899130;127.733440;56.738893;,
  22.844421;163.869542;22.079562;,
  17.568798;140.926630;49.320224;,
  17.473749;155.045018;38.229088;,
  26.356907;171.037389;8.242111;,
  28.676070;177.305690;-5.869805;,
  13.954808;182.745062;11.775368;,
  15.407328;182.985050;-4.972886;,
  12.033292;172.062643;22.413502;,
  -0.000003;193.134502;14.579014;,
  10.111770;168.808640;24.915096;,
  -0.000004;180.229350;22.574086;,
  0.000001;191.179123;-3.417300;,
  -0.000005;170.156902;26.691082;,
  14.342888;193.533402;-17.663701;,
  0.000003;203.519078;-14.781642;,
  0.000005;199.011328;-30.376291;,
  8.603062;159.513254;41.498390;,
  -0.000008;160.838285;43.848106;,
  -0.000009;146.338214;52.643379;,
  15.304648;190.129114;-33.347958;,
  0.000007;191.924966;-41.716870;,
  6.883272;146.061018;52.505936;,
  -0.000012;145.323674;66.374086;,
  18.763605;137.784819;60.984717;,
  7.077794;143.831846;65.548480;,
  -0.000013;134.918733;76.411827;,
  7.395277;133.519949;75.493210;,
  -0.000015;127.825459;86.643789;,
  17.280138;122.524531;85.265382;,
  7.712754;129.810317;88.196205;,
  7.192539;117.591834;92.488173;,
  -0.000016;117.595930;92.259091;,
  -0.000017;115.398630;99.019366;,
  6.672331;114.259622;98.421325;,
  12.525727;107.896883;93.454323;,
  25.015909;113.166912;80.751501;,
  19.030203;100.229325;90.951629;,
  20.882632;90.728256;83.321152;,
  31.751789;95.254522;70.883578;,
  22.625229;85.509504;73.329690;,
  11.306174;82.906458;79.374125;,
  14.941277;81.319418;69.836755;,
  17.412898;76.106214;66.596390;,
  25.257282;78.820474;69.909210;,
  20.885186;69.298170;62.208205;,
  35.750320;83.487322;65.975891;,
  28.443322;72.154707;66.422470;,
  38.395936;75.886144;62.402189;,
  46.335875;79.511622;51.272141;,
  39.246368;67.688826;58.359117;,
  30.485190;66.360064;61.384576;,
  25.234837;63.333037;59.463456;,
  48.733590;69.726355;49.130845;,
  40.103418;63.803674;58.650534;,
  33.344960;63.027552;59.863603;,
  28.891453;60.308768;57.248960;,
  27.045424;57.680576;67.931898;,
  49.917786;66.327424;34.833584;,
  30.288090;59.519712;70.450528;,
  39.989133;62.308986;30.756707;,
  49.860493;53.373923;37.009971;,
  49.123795;62.025203;49.549946;,
  48.521373;58.068570;52.701123;,
  46.091187;49.781200;53.120739;,
  46.194419;55.234214;61.252986;,
  43.589725;46.702381;60.059322;,
  45.616205;37.615664;59.282074;,
  43.791661;50.057466;66.624602;,
  46.654778;32.565328;58.987155;,
  46.581834;39.378278;66.104864;,
  48.549213;27.246336;58.142874;,
  46.325386;32.282726;65.253120;,
  42.879139;40.283754;70.966701;,
  51.029674;20.953952;57.293011;,
  47.841754;25.301456;64.541293;,
  42.716451;31.957690;68.839456;,
  56.195763;13.412730;53.464810;,
  50.110534;17.672107;61.992102;,
  56.051936;13.079970;43.763590;,
  61.052646;9.473500;46.214835;,
  54.172928;9.105163;59.306502;,
  65.014547;10.850858;36.123990;,
  57.967059;0.669652;55.654042;,
  62.207686;0.500235;46.754291;,
  65.931802;0.376201;34.191648;,
  65.416832;0.540460;27.973334;,
  50.691683;0.457161;57.721613;,
  52.556470;0.214501;31.898614;,
  57.287027;0.504519;25.152550;,
  53.721338;0.392226;24.686541;,
  44.877270;0.489976;24.111626;,
  41.627370;0.401848;29.309930;,
  38.943862;0.385662;39.110064;,
  48.969597;0.232251;42.423898;,
  37.155037;0.516232;51.543805;,
  41.697696;0.387046;55.529312;,
  40.686746;6.208617;58.376768;,
  36.619782;8.817705;55.517702;,
  36.179542;16.662851;59.482950;,
  49.057443;6.950762;60.715181;,
  40.705123;15.309579;62.156077;,
  45.608182;15.783173;63.719450;,
  39.145542;19.595658;66.646758;,
  34.959846;22.141272;62.846579;,
  43.589206;20.407123;66.914810;,
  38.534288;25.717133;67.953126;,
  35.436282;26.654571;64.017562;,
  34.738653;32.085344;64.808685;,
  42.907840;25.679032;68.224096;,
  37.945030;31.319811;68.266022;,
  31.249667;39.330342;67.861626;,
  39.099709;41.304000;73.593536;,
  34.402765;40.696778;71.798739;,
  30.797818;54.696717;80.779738;,
  28.267478;51.915728;74.627616;,
  33.820960;54.715520;81.551994;,
  30.085795;58.150989;79.253427;,
  40.476966;52.590717;74.951341;,
  33.618490;58.605734;79.977824;,
  35.112368;59.713856;71.127546;,
  40.391757;58.687936;68.143456;,
  -205.469389;123.426227;57.499155;,
  -198.041830;92.277907;44.093955;,
  -196.191910;96.150131;43.124218;,
  -200.875110;88.710106;41.521222;,
  -207.973555;120.435174;57.465613;,
  -201.189786;89.999142;36.500854;,
  -211.883085;153.512128;74.169350;,
  -208.892198;121.240538;54.851034;,
  -198.760397;94.527392;35.644829;,
  -207.440947;123.889318;53.808314;,
  -196.453619;98.763315;40.487907;,
  -204.762483;125.939891;54.759181;,
  -205.469389;123.426227;57.499155;,
  -196.191910;96.150131;43.124218;,
  -18.821450;108.620109;-126.465805;,
  -16.621261;103.387597;-128.216666;,
  -16.431250;109.779840;-125.268954;,
  -18.328176;100.640518;-136.038438;,
  -20.192014;105.703226;-136.956531;,
  -14.145322;104.213728;-143.700979;,
  -23.107651;111.790976;-124.981709;,
  -18.452869;107.057830;-142.151706;,
  -11.079569;106.355853;-143.621030;,
  -28.008432;108.657267;-138.024371;,
  -30.623254;117.399603;-118.583654;,
  -15.667734;111.055437;-141.152422;,
  -10.617304;112.912960;-135.158093;,
  -27.637530;110.227891;-140.623846;,
  -38.195686;119.498714;-134.192576;,
  -44.400368;133.222899;-128.317747;,
  -42.352176;129.313024;-112.878042;,
  -52.752419;145.049344;-113.033152;,
  -37.383907;121.139546;-135.889139;,
  -21.547877;116.333376;-138.052186;,
  -30.360934;125.697728;-133.606259;,
  -53.269171;146.718618;-121.570752;,
  -61.662195;160.160371;-116.767974;,
  -14.032123;114.112704;-133.474304;,
  -18.821450;108.620109;-126.465805;,
  -16.431250;109.779840;-125.268954;,
  -19.151352;117.402880;-130.958502;,
  -23.107651;111.790976;-124.981709;,
  -30.623254;117.399603;-118.583654;,
  -27.743552;126.038835;-126.951437;,
  -42.352176;129.313024;-112.878042;,
  -40.361094;135.795917;-128.245478;,
  -38.621949;137.105664;-123.345984;,
  -51.869475;148.036762;-121.331648;,
  -50.735789;148.089766;-118.799078;,
  -52.752419;145.049344;-113.033152;,
  -92.779488;11.862809;-88.304787;,
  -96.251610;4.602956;-80.355994;,
  -97.164365;9.571552;-83.124627;,
  -97.791974;17.222843;-81.493062;,
  -91.756518;18.989187;-87.424909;,
  -88.043187;13.175249;-93.133357;,
  -93.241830;21.317760;-78.142630;,
  -85.921965;17.296720;-94.340819;,
  -76.779840;7.361792;-99.468640;,
  -87.397408;24.871259;-85.154413;,
  -82.131456;21.076661;-91.768531;,
  -79.389888;16.205398;-88.276275;,
  -84.432646;18.083403;-80.564704;,
  -84.446765;13.345772;-69.165434;,
  -79.888198;11.428667;-86.664070;,
  -88.043187;13.175249;-93.133357;,
  -83.498688;11.111813;-79.773843;,
  -84.797690;3.654164;-71.024947;,
  -92.779488;11.862809;-88.304787;,
  -96.251610;4.602956;-80.355994;,
  -57.287040;0.504519;25.152528;,
  -52.629101;9.590075;25.343496;,
  -53.721350;0.392226;24.686522;,
  -56.562970;9.341659;26.552877;,
  -52.916118;12.833518;33.385549;,
  -47.591312;12.676548;26.229912;,
  -60.333274;15.188949;35.157510;,
  -61.909094;11.897798;28.800730;,
  -45.859568;14.863979;31.329562;,
  -65.591789;9.056762;29.568845;,
  -43.387936;8.132254;24.922859;,
  -65.014566;10.850858;36.123965;,
  -49.278589;13.189929;42.409523;,
  -65.931814;0.376201;34.191622;,
  -65.416845;0.540460;27.973312;,
  -61.052659;9.473500;46.214813;,
  -52.556480;0.214501;31.898595;,
  -57.287040;0.504519;25.152528;,
  -53.721350;0.392226;24.686522;,
  -44.877277;0.489976;24.111608;,
  -41.627379;0.401848;29.309917;,
  -38.943878;0.385662;39.110051;,
  -48.969613;0.232251;42.423878;,
  -37.155053;0.516232;51.543792;,
  -62.207706;0.500235;46.754269;,
  -41.697715;0.387046;55.529299;,
  -50.691709;0.457161;57.721600;,
  -40.686765;6.208617;58.376749;,
  -36.619802;8.817705;55.517690;,
  -36.179565;16.662851;59.482938;,
  -57.967078;0.669652;55.654016;,
  -49.057459;6.950762;60.715168;,
  -40.705146;15.309579;62.156064;,
  -54.172954;9.105163;59.306483;,
  -45.608205;15.783173;63.719430;,
  -39.145565;19.595658;66.646752;,
  -34.959869;22.141272;62.846566;,
  -56.195782;13.412730;53.464790;,
  -50.110557;17.672107;61.992083;,
  -43.589229;20.407123;66.914797;,
  -38.534310;25.717133;67.953107;,
  -35.436301;26.654571;64.017555;,
  -34.738675;32.085344;64.808678;,
  -42.907862;25.679032;68.224083;,
  -37.945056;31.319811;68.266010;,
  -31.249690;39.330342;67.861613;,
  -47.841773;25.301456;64.541274;,
  -42.716474;31.957690;68.839437;,
  -34.402790;40.696778;71.798720;,
  -39.099734;41.304000;73.593530;,
  -30.797843;54.696717;80.779731;,
  -28.267504;51.915728;74.627603;,
  -42.879165;40.283754;70.966682;,
  -30.085824;58.150989;79.253408;,
  -27.045446;57.680576;67.931885;,
  -33.820989;54.715520;81.551987;,
  -30.288115;59.519712;70.450522;,
  -33.618518;58.605734;79.977805;,
  -33.344979;63.027552;59.863590;,
  -28.891475;60.308768;57.248954;,
  -25.234858;63.333037;59.463450;,
  -35.112394;59.713856;71.127533;,
  -30.485210;66.360064;61.384563;,
  -20.885206;69.298170;62.208192;,
  -40.103437;63.803674;58.650515;,
  -40.391782;58.687936;68.143443;,
  -40.476992;52.590717;74.951322;,
  -43.791683;50.057466;66.624589;,
  -46.194442;55.234214;61.252966;,
  -46.581856;39.378278;66.104851;,
  -43.589744;46.702381;60.059309;,
  -46.325408;32.282726;65.253107;,
  -46.654797;32.565328;58.987136;,
  -48.549232;27.246336;58.142861;,
  -45.616227;37.615664;59.282061;,
  -51.029693;20.953952;57.292992;,
  -44.003098;27.976016;55.814982;,
  -53.135162;15.310478;51.328771;,
  -45.196064;21.981510;53.924563;,
  -56.051949;13.079970;43.763571;,
  -46.962266;15.782376;49.804646;,
  -40.878490;10.858193;42.107437;,
  -39.986896;13.492010;50.633219;,
  -40.482522;9.782674;29.902586;,
  -37.827053;3.605637;40.478605;,
  -40.015197;4.808198;29.657542;,
  -44.877277;0.489976;24.111608;,
  -41.627379;0.401848;29.309917;,
  -38.943878;0.385662;39.110051;,
  -37.155053;0.516232;51.543792;,
  -36.619802;8.817705;55.517690;,
  -36.179565;16.662851;59.482938;,
  -38.965149;20.432045;56.347117;,
  -37.410682;26.883866;59.108992;,
  -34.959869;22.141272;62.846566;,
  -35.436301;26.654571;64.017555;,
  -43.009667;32.820918;56.978688;,
  -36.399667;32.339782;59.802618;,
  -34.738675;32.085344;64.808678;,
  -34.138736;37.532554;60.731347;,
  -31.249690;39.330342;67.861613;,
  -41.746330;37.183328;57.115942;,
  -39.595462;45.378544;57.028250;,
  -28.525632;47.700003;65.018067;,
  -28.267504;51.915728;74.627603;,
  -33.482525;46.024538;59.980051;,
  -46.091206;49.781200;53.120723;,
  -39.892115;47.251414;49.608845;,
  -33.452573;48.318947;52.238086;,
  -26.895062;52.573158;60.415443;,
  -27.045446;57.680576;67.931885;,
  -41.294762;47.176973;38.850102;,
  -27.320483;56.917466;51.988784;,
  -28.891475;60.308768;57.248954;,
  -33.722957;50.665062;42.769050;,
  -48.804579;49.140381;40.979491;,
  -42.142502;51.994432;33.819050;,
  -32.529667;53.920794;40.090627;,
  -48.521392;58.068570;52.701104;,
  -49.860506;53.373923;37.009952;,
  -49.123811;62.025203;49.549926;,
  -27.442662;60.226733;37.942970;,
  -39.989142;62.308986;30.756694;,
  -49.917798;66.327424;34.833565;,
  -48.733603;69.726355;49.130826;,
  -39.246387;67.688826;58.359104;,
  -46.335891;79.511622;51.272125;,
  -28.443344;72.154707;66.422464;,
  -38.395955;75.886144;62.402182;,
  -25.257306;78.820474;69.909197;,
  -17.412920;76.106214;66.596390;,
  -35.750346;83.487322;65.975878;,
  -43.574970;90.939021;53.760851;,
  -45.015696;80.642496;35.931501;,
  -31.751814;95.254522;70.883565;,
  -22.625254;85.509504;73.329683;,
  -14.941301;81.319418;69.836749;,
  -11.306202;82.906458;79.374125;,
  -20.882659;90.728256;83.321146;,
  -29.432323;103.326560;74.700410;,
  -19.030234;100.229325;90.951622;,
  -38.434048;105.008531;55.672109;,
  -25.015936;113.166912;80.751494;,
  -12.525760;107.896883;93.454317;,
  -32.415904;117.596582;53.148125;,
  -39.264211;92.008506;38.806912;,
  -34.265616;102.455552;42.411670;,
  -28.199920;85.232224;35.840275;,
  -24.939325;92.466272;37.970816;,
  -29.060422;109.733056;40.412650;,
  -34.297171;74.188602;31.404125;,
  -14.863027;84.631853;43.188474;,
  -17.667355;77.006483;41.476938;,
  -21.771237;68.869178;39.452115;,
  -22.416538;62.029760;52.182317;,
  -25.234858;63.333037;59.463450;,
  -16.968168;67.136077;54.053843;,
  -20.885206;69.298170;62.208192;,
  -17.412920;76.106214;66.596390;,
  -14.347134;73.450323;56.733619;,
  -14.941301;81.319418;69.836749;,
  -10.977590;78.336698;59.690131;,
  -8.588291;81.266221;62.918118;,
  -11.306202;82.906458;79.374125;,
  -14.643363;92.097690;41.577523;,
  -5.513146;82.100090;64.998963;,
  -7.114690;80.293165;79.704614;,
  -0.000012;81.982298;65.823142;,
  -0.000014;80.172122;81.365747;,
  -0.000008;87.526298;46.805510;,
  -7.607830;88.334989;45.310157;,
  -6.747548;92.764205;34.008483;,
  -0.000006;92.933894;35.139034;,
  -12.994602;97.808038;32.543744;,
  -7.960413;106.284698;21.057368;,
  -0.000004;106.283731;21.472416;,
  -19.236122;104.004877;34.491280;,
  -6.696621;111.515866;7.360999;,
  -0.000001;113.531507;6.921780;,
  -18.029630;111.117530;23.094362;,
  -18.129219;113.677542;9.692089;,
  -8.330356;111.150707;-8.860601;,
  0.000001;115.480154;-7.650838;,
  0.000004;113.432627;-23.248322;,
  -21.541384;97.826080;39.265066;,
  -23.947621;113.232960;35.255488;,
  -26.697643;123.292582;39.911264;,
  -23.889056;118.951219;25.153414;,
  -27.344125;126.612032;27.115347;,
  -25.683576;119.589299;11.520906;,
  -27.966528;135.464051;29.196874;,
  -20.822189;110.867187;-6.599762;,
  -29.308048;125.836557;12.344040;,
  -30.497107;117.937267;-4.470121;,
  -35.147552;114.149824;-23.539286;,
  -34.832496;126.920269;-2.559072;,
