xof 0303txt 0032
template ColorRGBA {
 <35ff44e0-6c7c-11cf-8f52-0040333594a3>
 FLOAT red;
 FLOAT green;
 FLOAT blue;
 FLOAT alpha;
}

template ColorRGB {
 <d3e16e81-7835-11cf-8f52-0040333594a3>
 FLOAT red;
 FLOAT green;
 FLOAT blue;
}

template Material {
 <3d82ab4d-62da-11cf-ab39-0020af71e433>
 ColorRGBA faceColor;
 FLOAT power;
 ColorRGB specularColor;
 ColorRGB emissiveColor;
 [...]
}

template TextureFilename {
 <a42790e1-7810-11cf-8f52-0040333594a3>
 STRING filename;
}

template Frame {
 <3d82ab46-62da-11cf-ab39-0020af71e433>
 [...]
}

template Matrix4x4 {
 <f6f23f45-7686-11cf-8f52-0040333594a3>
 array FLOAT matrix[16];
}

template FrameTransformMatrix {
 <f6f23f41-7686-11cf-8f52-0040333594a3>
 Matrix4x4 frameMatrix;
}

template Vector {
 <3d82ab5e-62da-11cf-ab39-0020af71e433>
 FLOAT x;
 FLOAT y;
 FLOAT z;
}

template MeshFace {
 <3d82ab5f-62da-11cf-ab39-0020af71e433>
 DWORD nFaceVertexIndices;
 array DWORD faceVertexIndices[nFaceVertexIndices];
}

template Mesh {
 <3d82ab44-62da-11cf-ab39-0020af71e433>
 DWORD nVertices;
 array Vector vertices[nVertices];
 DWORD nFaces;
 array MeshFace faces[nFaces];
 [...]
}

template MeshNormals {
 <f6f23f43-7686-11cf-8f52-0040333594a3>
 DWORD nNormals;
 array Vector normals[nNormals];
 DWORD nFaceNormals;
 array MeshFace faceNormals[nFaceNormals];
}

template MeshMaterialList {
 <f6f23f42-7686-11cf-8f52-0040333594a3>
 DWORD nMaterials;
 DWORD nFaceIndexes;
 array DWORD faceIndexes[nFaceIndexes];
 [Material <3d82ab4d-62da-11cf-ab39-0020af71e433>]
}

template Coords2d {
 <f6f23f44-7686-11cf-8f52-0040333594a3>
 FLOAT u;
 FLOAT v;
}

template MeshTextureCoords {
 <f6f23f40-7686-11cf-8f52-0040333594a3>
 DWORD nTextureCoords;
 array Coords2d textureCoords[nTextureCoords];
}

template XSkinMeshHeader {
 <3cf169ce-ff7c-44ab-93c0-f78f62d172e2>
 WORD nMaxSkinWeightsPerVertex;
 WORD nMaxSkinWeightsPerFace;
 WORD nBones;
}

template SkinWeights {
 <6f0d123b-bad2-4167-a0d0-80224f25fabb>
 STRING transformNodeName;
 DWORD nWeights;
 array DWORD vertexIndices[nWeights];
 array FLOAT weights[nWeights];
 Matrix4x4 matrixOffset;
}

template AnimTicksPerSecond {
 <9e415a43-7ba6-4a73-8743-b73d47e88476>
 DWORD AnimTicksPerSecond;
}

template Animation {
 <3d82ab4f-62da-11cf-ab39-0020af71e433>
 [...]
}

template AnimationSet {
 <3d82ab50-62da-11cf-ab39-0020af71e433>
 [Animation <3d82ab4f-62da-11cf-ab39-0020af71e433>]
}

template FloatKeys {
 <10dd46a9-775b-11cf-8f52-0040333594a3>
 DWORD nValues;
 array FLOAT values[nValues];
}

template TimedFloatKeys {
 <f406b180-7b3b-11cf-8f52-0040333594a3>
 DWORD time;
 FloatKeys tfkeys;
}

template AnimationKey {
 <10dd46a8-775b-11cf-8f52-0040333594a3>
 DWORD keyType;
 DWORD nKeys;
 array TimedFloatKeys keys[nKeys];
}


Material m_gigas_part01 {
 1.000000;1.000000;1.000000;1.000000;;
 10.000000;
 0.000000;0.000000;0.000000;;
 0.000000;0.000000;0.000000;;

 TextureFilename {
  "t_gigas_part01_df.tga";
 }
}

Material m_gigas_part02 {
 1.000000;1.000000;1.000000;1.000000;;
 10.000000;
 0.000000;0.000000;0.000000;;
 0.000000;0.000000;0.000000;;

 TextureFilename {
  "t_gigas_part02_df.tga";
 }
}

Material m_gigas_part03 {
 1.000000;1.000000;1.000000;1.000000;;
 10.000000;
 0.000000;0.000000;0.000000;;
 0.000000;0.000000;0.000000;;

 TextureFilename {
  "t_gigas_part03_df.tga";
 }
}

Material m_gigas_part04 {
 1.000000;1.000000;1.000000;1.000000;;
 10.000000;
 0.000000;0.000000;0.000000;;
 0.000000;0.000000;0.000000;;

 TextureFilename {
  "t_gigas_part04_df.tga";
 }
}

Material m_gigas_part05 {
 1.000000;1.000000;1.000000;1.000000;;
 10.000000;
 0.000000;0.000000;0.000000;;
 0.000000;0.000000;0.000000;;

 TextureFilename {
  "t_gigas_part05_df.tga";
 }
}

Material m_gene_weapon01 {
 1.000000;1.000000;1.000000;1.000000;;
 10.000000;
 0.000000;0.000000;0.000000;;
 0.000000;0.000000;0.000000;;

 TextureFilename {
  "t_gene_weapon01_df.tga";
 }
}

Material m_gene_weapon02 {
 1.000000;1.000000;1.000000;1.000000;;
 10.000000;
 0.000000;0.000000;0.000000;;
 0.000000;0.000000;0.000000;;

 TextureFilename {
  "t_gene_weapon02_df.tga";
 }
}

Material m_gene_weapon03 {
 1.000000;1.000000;1.000000;1.000000;;
 10.000000;
 0.000000;0.000000;0.000000;;
 0.000000;0.000000;0.000000;;

 TextureFilename {
  "t_gene_weapon03_df.tga";
 }
}

Material m_gene_weapon04 {
 1.000000;1.000000;1.000000;1.000000;;
 10.000000;
 0.000000;0.000000;0.000000;;
 0.000000;0.000000;0.000000;;

 TextureFilename {
  "t_gene_weapon04_df.tga";
 }
}

Material m_gene_weapon05 {
 1.000000;1.000000;1.000000;1.000000;;
 10.000000;
 0.000000;0.000000;0.000000;;
 0.000000;0.000000;0.000000;;

 TextureFilename {
  "t_gene_weapon05_df.tga";
 }
}

Material m_gigas_weapon06 {
 1.000000;1.000000;1.000000;1.000000;;
 10.000000;
 0.000000;0.000000;0.000000;;
 0.000000;0.000000;0.000000;;

 TextureFilename {
  "t_gigas_weapon06_df.tga";
 }
}

Material m_gigas01 {
 1.000000;1.000000;1.000000;1.000000;;
 10.000000;
 0.000000;0.000000;0.000000;;
 0.000000;0.000000;0.000000;;

 TextureFilename {
  "t_gigas01_df.tga";
 }
}

Frame bip001 {
 

 FrameTransformMatrix {
  -0.436957,-0.284382,-0.853344,0.000000,-0.029719,0.952752,-0.302293,0.000000,0.898991,-0.106728,-0.424763,0.000000,-0.648834,196.061530,51.051411,1.000000;;
 }

 Frame bip001-pelvis {
  

  FrameTransformMatrix {
   0.026265,0.999228,-0.029219,0.000000,0.027839,0.028487,0.999206,0.000000,0.999267,-0.027057,-0.027069,0.000000,0.000000,0.000000,0.000000,1.000000;;
  }

  Frame bip001-spine {
   

   FrameTransformMatrix {
    0.928969,0.147877,-0.339336,0.000000,-0.052530,0.960123,0.274599,0.000000,0.366411,-0.237269,0.899692,0.000000,10.291260,0.322746,0.605789,1.000000;;
   }

   Frame bip001-spine1 {
    

    FrameTransformMatrix {
     0.984964,0.144144,-0.095231,0.000000,-0.139793,0.988871,0.050915,0.000000,0.101510,-0.036836,0.994152,0.000000,24.850586,0.000740,-0.020092,1.000000;;
    }

    Frame bip001-neck {
     

     FrameTransformMatrix {
      0.912331,0.195492,0.359772,0.000000,-0.130740,0.971751,-0.196488,0.000000,-0.388020,0.132225,0.912117,0.000000,31.492630,-0.000488,-6.888230,1.000000;;
     }

     Frame bip001-l-clavicle {
      

      FrameTransformMatrix {
       0.192285,0.961030,-0.198616,0.000000,0.894864,-0.254785,-0.366475,0.000000,-0.402798,-0.107266,-0.908981,0.000000,-7.126389,9.345749,3.273712,1.000000;;
      }

      Frame bone_clavicle_l {
       

       FrameTransformMatrix {
        0.299469,0.954106,-0.000002,0.000000,-0.000003,-0.000001,-1.000000,0.000000,-0.954106,0.299469,0.000002,0.000000,15.113053,-2.329590,0.242237,1.000000;;
       }
      }

      Frame bip001-l-upperarm {
       

       FrameTransformMatrix {
        0.971543,-0.211298,0.107045,0.000000,0.232601,0.936438,-0.262643,0.000000,-0.044745,0.280067,0.958937,0.000000,21.783763,0.000015,0.000000,1.000000;;
       }

       Frame bip001-l-forearm {
        

        FrameTransformMatrix {
         0.371725,0.000000,-0.928343,0.000000,0.000000,1.000000,-0.000000,0.000000,0.928343,0.000000,0.371725,0.000000,27.808051,0.000000,0.000000,1.000000;;
        }

        Frame bip001-l-hand {
         

         FrameTransformMatrix {
          0.873160,0.482385,-0.069972,0.000000,0.064289,0.028327,0.997529,0.000000,0.483175,-0.875501,-0.006278,0.000000,26.212762,0.000000,-0.000008,1.000000;;
         }

         Frame bip001-l-finger0 {
          

          FrameTransformMatrix {
           0.914294,0.299322,0.272897,0.000000,0.191264,-0.912927,0.360530,0.000000,0.357050,-0.277435,-0.891933,0.000000,9.071410,-11.051006,2.665588,1.000000;;
          }

          Frame bip001-l-finger0nub {
           

           FrameTransformMatrix {
            1.000000,-0.000002,0.000001,0.000000,0.000002,1.000000,0.000001,0.000000,-0.000001,-0.000001,1.000000,0.000000,8.724422,-0.000027,0.000046,1.000000;;
           }
          }
         }

         Frame bip001-l-finger1 {
          

          FrameTransformMatrix {
           0.007471,-0.298733,0.954307,0.000000,0.000806,0.954335,0.298736,0.000000,-0.999972,-0.001463,0.007371,0.000000,17.313994,0.359760,-0.388077,1.000000;;
          }

          Frame bip001-l-finger1nub {
           

           FrameTransformMatrix {
            1.000000,0.000001,0.000001,0.000000,-0.000001,1.000000,0.000001,0.000000,-0.000001,-0.000001,1.000000,0.000000,11.174454,0.000046,-0.000027,1.000000;;
           }
          }
         }
        }
       }
      }
     }

     Frame bip001-r-clavicle {
      

      FrameTransformMatrix {
       0.269645,-0.951083,-0.150775,0.000000,-0.881571,-0.306810,0.358748,0.000000,-0.387458,0.036185,-0.921177,0.000000,-10.301544,-6.437454,1.126144,1.000000;;
      }

      Frame bone_clavicle_r {
       

       FrameTransformMatrix {
        0.071484,-0.997442,0.000001,0.000000,0.000002,-0.000000,-1.000000,0.000000,0.997442,0.071483,0.000002,0.000000,15.226272,0.786606,0.242291,1.000000;;
       }
      }

      Frame bip001-r-upperarm {
       

       FrameTransformMatrix {
        0.984522,0.162487,-0.065687,0.000000,-0.170176,0.796635,-0.580011,0.000000,-0.041916,0.582212,0.811956,0.000000,21.783768,0.000000,-0.000008,1.000000;;
       }

       Frame bip001-r-forearm {
        

        FrameTransformMatrix {
         0.015958,0.000000,-0.999873,0.000000,-0.000000,1.000000,0.000000,0.000000,0.999873,0.000000,0.015958,0.000000,27.808074,0.000031,0.000008,1.000000;;
        }

        Frame bip001-r-hand {
         

         FrameTransformMatrix {
          0.986502,-0.108873,-0.122310,0.000000,-0.088571,-0.983029,0.160655,0.000000,-0.137726,-0.147653,-0.979403,0.000000,26.212784,0.000000,0.000015,1.000000;;
         }

         Frame bone_weapon {
          

          FrameTransformMatrix {
           0.963155,-0.187934,-0.192391,0.000000,0.216815,0.119292,0.968897,0.000000,-0.159138,-0.974910,0.155644,0.000000,-0.430176,-62.324371,11.578903,1.000000;;
          }
         }

         Frame bip001-r-finger0 {
          

          FrameTransformMatrix {
           0.341810,-0.760937,0.551490,0.000000,-0.572057,-0.634059,-0.520307,0.000000,0.745598,-0.137637,-0.652027,0.000000,9.071396,11.050995,2.665588,1.000000;;
          }

          Frame bip001-r-finger0nub {
           

           FrameTransformMatrix {
            -1.000000,0.000001,-0.000002,0.000000,0.000001,1.000000,0.000000,0.000000,0.000002,0.000000,-1.000000,0.000000,8.724304,0.000008,0.000015,1.000000;;
           }
          }
         }

         Frame bip001-r-finger1 {
          

          FrameTransformMatrix {
           -0.250706,0.066031,0.965809,0.000000,-0.198470,0.972973,-0.118040,0.000000,-0.947500,-0.221278,-0.230825,0.000000,17.313981,-0.359772,-0.388016,1.000000;;
          }

          Frame bip001-r-finger1nub {
           

           FrameTransformMatrix {
            -1.000000,0.000001,0.000001,0.000000,0.000001,1.000000,-0.000001,0.000000,-0.000001,-0.000001,-1.000000,0.000000,11.174332,-0.000015,0.000015,1.000000;;
           }
          }
         }
        }
       }
      }
     }

     Frame bip001-head {
      

      FrameTransformMatrix {
       0.989809,0.068875,0.124643,0.000000,-0.018862,0.930957,-0.364642,0.000000,-0.141151,0.358575,0.922768,0.000000,4.612396,0.000000,0.000000,1.000000;;
      }

      Frame bip001-headnub {
       

       FrameTransformMatrix {
        1.000000,0.000000,-0.000000,0.000000,0.000000,1.000000,0.000002,0.000000,-0.000000,-0.000002,1.000000,0.000000,21.386765,0.000137,0.000137,1.000000;;
       }
      }
     }
    }
   }

   Frame bip001-l-thigh {
    

    FrameTransformMatrix {
     -0.898626,0.426289,0.103685,0.000000,-0.292759,-0.758691,0.581962,0.000000,0.326749,0.492611,0.806579,0.000000,-7.931442,9.615326,-6.599552,1.000000;;
    }

    Frame bip001-l-calf {
     

     FrameTransformMatrix {
      0.880432,0.000000,-0.474173,0.000000,-0.000000,1.000000,0.000000,0.000000,0.474173,-0.000000,0.880432,0.000000,44.707840,-0.000004,0.000011,1.000000;;
     }

     Frame bip001-l-foot {
      

      FrameTransformMatrix {
       0.829116,0.021155,-0.558677,0.000000,-0.029526,0.999546,-0.005969,0.000000,0.558297,0.021444,0.829364,0.000000,43.699699,0.000000,-0.000008,1.000000;;
      }

      Frame bip001-l-toe0 {
       

       FrameTransformMatrix {
        -0.050184,0.066760,0.996506,0.000000,-0.134812,0.988179,-0.072991,0.000000,-0.989600,-0.138004,-0.040590,0.000000,12.961853,0.000002,19.310302,1.000000;;
       }

       Frame bip001-l-toe0nub {
        

        FrameTransformMatrix {
         -1.000000,0.000000,0.000002,0.000000,0.000000,1.000000,0.000001,0.000000,-0.000002,0.000001,-1.000000,0.000000,9.309685,0.000135,-0.000057,1.000000;;
        }
       }
      }
     }
    }
   }

   Frame bip001-r-thigh {
    

    FrameTransformMatrix {
     -0.765137,-0.215048,0.606894,0.000000,0.186758,-0.976178,-0.110447,0.000000,0.616187,0.028835,0.787072,0.000000,-10.873474,-9.486580,-1.879036,1.000000;;
    }

    Frame bip001-r-calf {
     

     FrameTransformMatrix {
      -0.174636,0.000000,-0.984633,0.000000,0.000000,1.000000,0.000000,0.000000,0.984633,0.000000,-0.174636,0.000000,44.707840,0.000008,0.000015,1.000000;;
     }

     Frame bip001-r-foot {
      

      FrameTransformMatrix {
       0.940421,-0.191686,-0.280829,0.000000,0.183096,0.981454,-0.056772,0.000000,0.286503,0.001971,0.958077,0.000000,43.699718,-0.000015,0.000000,1.000000;;
      }

      Frame bip001-r-toe0 {
       

       FrameTransformMatrix {
        -0.037272,0.073523,0.996597,0.000000,-0.056327,0.995549,-0.075553,0.000000,-0.997716,-0.058951,-0.032964,0.000000,12.961861,0.000015,19.310318,1.000000;;
       }

       Frame bip001-r-toe0nub {
        

        FrameTransformMatrix {
         1.000000,0.000000,-0.000001,0.000000,0.000000,1.000000,0.000001,0.000000,0.000001,-0.000001,1.000000,0.000000,9.309685,0.000137,-0.000011,1.000000;;
        }
       }
      }
     }
    }
   }
  }

  Frame bone_skirt_l1 {
   

   FrameTransformMatrix {
    -0.782555,0.564175,-0.263275,0.000000,0.059980,-0.352590,-0.933854,0.000000,-0.619685,-0.746583,0.242082,0.000000,1.248077,23.282184,0.972687,1.000000;;
   }

   Frame bone_skirt_l2 {
    

    FrameTransformMatrix {
     0.999435,0.028252,0.018207,0.000000,-0.027868,0.999391,-0.021025,0.000000,-0.018790,0.020506,0.999613,0.000000,38.379715,-0.000008,0.000008,1.000000;;
    }

    Frame bone_skirt_l3 {
     

     FrameTransformMatrix {
      0.997688,0.001137,-0.067950,0.000000,-0.001134,1.000000,0.000073,0.000000,0.067950,0.000004,0.997689,0.000000,25.796021,0.000000,-0.000031,1.000000;;
     }
    }
   }
  }

  Frame bone_skirt_c1 {
   

   FrameTransformMatrix {
    -0.759505,-0.144094,-0.634341,0.000000,0.088880,-0.988999,0.118240,0.000000,-0.644401,0.033424,0.763957,0.000000,-0.113525,0.000061,-18.089630,1.000000;;
   }

   Frame bone_skirt_c2 {
    

    FrameTransformMatrix {
     0.995976,0.007498,0.089311,0.000000,-0.007554,0.999972,0.000294,0.000000,-0.089307,-0.000967,0.996004,0.000000,35.594368,0.000000,-0.000015,1.000000;;
    }

    Frame bone_skirt_c3 {
     

     FrameTransformMatrix {
      0.999766,0.015682,0.014926,0.000000,-0.015672,0.999877,-0.000720,0.000000,-0.014936,0.000486,0.999888,0.000000,25.234726,-0.000008,0.000046,1.000000;;
     }
    }
   }
  }

  Frame bone_skirt_r1 {
   

   FrameTransformMatrix {
    -0.774933,-0.597136,-0.207145,0.000000,0.023618,0.300151,-0.953600,0.000000,0.631603,-0.743867,-0.218494,0.000000,2.192688,-21.859024,-3.020538,1.000000;;
   }

   Frame bone_skirt_r2 {
    

    FrameTransformMatrix {
     0.999188,0.019319,0.035354,0.000000,-0.018927,0.999756,-0.011373,0.000000,-0.035565,0.010695,0.999310,0.000000,38.379776,-0.000015,0.000015,1.000000;;
    }

    Frame bone_skirt_r3 {
     

     FrameTransformMatrix {
      0.996455,-0.021094,0.081440,0.000000,0.020885,0.999776,0.003418,0.000000,-0.081494,-0.001705,0.996673,0.000000,25.795998,-0.000015,0.000046,1.000000;;
     }
    }
   }
  }
 }
}

Frame gigas_part01 {
 

 FrameTransformMatrix {
  1.000000,0.000000,0.000000,0.000000,0.000000,1.000000,0.000000,0.000000,0.000000,0.000000,1.000000,0.000000,0.000000,0.000000,0.000000,1.000000;;
 }

 Mesh gigas_part01 {
  152;
  37.749952;153.005990;-6.021678;,
  39.582778;147.685965;-7.046035;,
  39.661654;148.753101;-7.765963;,
  37.583021;153.970202;-6.799646;,
  42.988874;155.521408;-1.368591;,
  35.723382;152.966784;-8.471107;,
  43.761264;157.101606;-1.863873;,
  51.316272;154.466048;5.038163;,
  51.882163;156.070234;5.092054;,
  36.742493;154.390182;-8.207934;,
  34.579757;157.991987;-7.331511;,
  39.528800;162.111514;-1.446247;,
  43.049242;164.785318;5.256215;,
  36.069322;170.759578;5.358760;,
  30.853418;155.177549;-9.440241;,
  28.480998;167.066035;-2.508682;,
  26.770238;170.288730;5.244289;,
  29.097466;160.143846;-8.535902;,
  25.323037;169.245747;5.197592;,
  25.353944;158.487091;-10.810754;,
  24.133128;167.339085;-2.173324;,
  19.062342;161.129818;-10.474982;,
  22.905571;166.340326;-1.160292;,
  24.027422;167.522918;5.132283;,
  18.077477;160.239590;-9.159399;,
  19.519219;157.592115;-12.523460;,
  18.432290;156.476032;-11.488034;,
  20.643675;151.594278;-13.503787;,
  26.664699;154.470003;-12.508810;,
  21.599696;152.928410;-14.545827;,
  24.359146;148.825485;-13.612163;,
  24.991014;150.317082;-14.720491;,
  30.637296;147.513011;-11.838076;,
  30.589498;149.010547;-13.052386;,
  35.162109;148.352026;-10.955029;,
  35.483405;147.105331;-9.640255;,
  35.549840;148.640179;-10.187926;,
  39.582778;147.685965;-7.046035;,
  37.515366;152.359091;15.696146;,
  39.391709;148.008742;17.225114;,
  39.329078;146.986394;16.441424;,
  37.331062;153.275430;16.526341;,
  42.851869;155.143603;11.315150;,
  35.436435;152.175501;18.094598;,
  43.612378;156.691059;11.920145;,
  51.316272;154.466048;5.038163;,
  51.882163;156.070234;5.092054;,
  36.460061;153.611418;17.938658;,
  39.386694;161.719629;11.710142;,
  43.049242;164.785318;5.256215;,
  34.314429;157.260365;17.231654;,
  36.069322;170.759578;5.358760;,
  30.545267;154.327821;19.088251;,
  28.315347;166.609280;12.826853;,
  26.770238;170.288730;5.244289;,
  28.806048;159.340275;18.443370;,
  25.323037;169.245747;5.197592;,
  25.015368;157.553498;20.534272;,
  23.975555;166.904576;12.414582;,
  18.730781;160.215526;20.220661;,
  22.770786;165.968678;11.317658;,
  24.027422;167.522918;5.132283;,
  17.775098;159.405798;18.833477;,
  19.145613;156.561894;22.064363;,
  18.082000;155.510106;20.941139;,
  20.252506;150.515674;22.710072;,
  26.291755;153.441587;22.018150;,
  21.184962;151.784781;23.850035;,
  23.966555;147.742886;22.733634;,
  24.573389;149.165466;23.942149;,
  30.282371;146.534298;21.020494;,
  30.207411;147.956941;22.320461;,
  34.824653;147.421453;20.286800;,
  35.175056;146.255014;18.907418;,
  35.228653;147.754483;19.546754;,
  39.329078;146.986394;16.441424;,
  -37.749952;153.005990;-6.021678;,
  -39.661654;148.753101;-7.765963;,
  -39.582778;147.685965;-7.046035;,
  -37.583021;153.970202;-6.799646;,
  -42.988874;155.521408;-1.368591;,
  -35.723382;152.966784;-8.471107;,
  -43.761264;157.101606;-1.863873;,
  -51.316272;154.466048;5.038163;,
  -51.882163;156.070234;5.092054;,
  -36.742493;154.390182;-8.207934;,
  -39.528800;162.111514;-1.446247;,
  -43.049242;164.785318;5.256215;,
  -34.579757;157.991987;-7.331511;,
  -36.069322;170.759578;5.358760;,
  -30.853418;155.177549;-9.440241;,
  -28.480998;167.066035;-2.508682;,
  -26.770238;170.288730;5.244289;,
  -29.097466;160.143846;-8.535902;,
  -25.323037;169.245747;5.197592;,
  -25.353944;158.487091;-10.810754;,
  -24.133128;167.339085;-2.173324;,
  -19.062342;161.129818;-10.474982;,
  -22.905571;166.340326;-1.160292;,
  -24.027422;167.522918;5.132283;,
  -18.077477;160.239590;-9.159399;,
  -19.519219;157.592115;-12.523460;,
  -18.432290;156.476032;-11.488034;,
  -20.643675;151.594278;-13.503787;,
  -26.664699;154.470003;-12.508810;,
  -21.599696;152.928410;-14.545827;,
  -24.359146;148.825485;-13.612163;,
  -24.991014;150.317082;-14.720491;,
  -30.637296;147.513011;-11.838076;,
  -30.589498;149.010547;-13.052386;,
  -35.162109;148.352026;-10.955029;,
  -35.483405;147.105331;-9.640255;,
  -35.549840;148.640179;-10.187926;,
  -39.582778;147.685965;-7.046035;,
  -37.515366;152.359091;15.696146;,
  -39.329078;146.986394;16.441424;,
  -39.391709;148.008742;17.225114;,
  -37.331062;153.275430;16.526341;,
  -42.851869;155.143603;11.315150;,
  -35.436435;152.175501;18.094598;,
  -43.612378;156.691059;11.920145;,
  -51.316272;154.466048;5.038163;,
  -51.882163;156.070234;5.092054;,
  -36.460061;153.611418;17.938658;,
  -34.314429;157.260365;17.231654;,
  -39.386694;161.719629;11.710142;,
  -43.049242;164.785318;5.256215;,
  -36.069322;170.759578;5.358760;,
  -30.545267;154.327821;19.088251;,
  -28.315347;166.609280;12.826853;,
  -26.770238;170.288730;5.244289;,
  -28.806048;159.340275;18.443370;,
  -25.323037;169.245747;5.197592;,
  -25.015368;157.553498;20.534272;,
  -23.975555;166.904576;12.414582;,
  -18.730781;160.215526;20.220661;,
  -22.770786;165.968678;11.317658;,
  -24.027422;167.522918;5.132283;,
  -17.775098;159.405798;18.833477;,
  -19.145613;156.561894;22.064363;,
  -18.082000;155.510106;20.941139;,
  -20.252506;150.515674;22.710072;,
  -26.291755;153.441587;22.018150;,
  -21.184962;151.784781;23.850035;,
  -23.966555;147.742886;22.733634;,
  -24.573389;149.165466;23.942149;,
  -30.282371;146.534298;21.020494;,
  -30.207411;147.956941;22.320461;,
  -34.824653;147.421453;20.286800;,
  -35.175056;146.255014;18.907418;,
  -35.228653;147.754483;19.546754;,
  -39.329078;146.986394;16.441424;;
  220;
  3;0,1,2;,
  3;0,2,3;,
  3;0,3,4;,
  3;3,2,5;,
  3;6,4,3;,
  3;6,7,4;,
  3;7,6,8;,
  3;9,3,5;,
  3;3,9,6;,
  3;9,5,10;,
  3;6,9,10;,
  3;8,6,11;,
  3;10,11,6;,
  3;11,12,8;,
  3;13,12,11;,
  3;5,14,10;,
  3;15,13,11;,
  3;15,16,13;,
  3;11,10,17;,
  3;15,11,17;,
  3;14,17,10;,
  3;15,18,16;,
  3;14,19,17;,
  3;18,15,20;,
  3;17,21,15;,
  3;21,20,15;,
  3;17,19,21;,
  3;20,22,18;,
  3;22,23,18;,
  3;20,21,22;,
  3;24,22,21;,
  3;25,24,21;,
  3;19,25,21;,
  3;24,25,26;,
  3;25,27,26;,
  3;28,25,19;,
  3;28,19,14;,
  3;27,25,29;,
  3;25,28,29;,
  3;29,30,27;,
  3;30,29,31;,
  3;29,28,31;,
  3;31,32,30;,
  3;33,31,28;,
  3;32,31,33;,
  3;32,33,34;,
  3;34,33,28;,
  3;34,35,32;,
  3;28,36,34;,
  3;34,36,35;,
  3;36,28,14;,
  3;37,35,36;,
  3;14,5,36;,
  3;2,37,36;,
  3;2,36,5;,
  3;38,39,40;,
  3;38,41,39;,
  3;38,42,41;,
  3;41,43,39;,
  3;44,41,42;,
  3;44,42,45;,
  3;45,46,44;,
  3;41,44,47;,
  3;47,43,41;,
  3;46,48,44;,
  3;48,46,49;,
  3;44,50,47;,
  3;50,44,48;,
  3;47,50,43;,
  3;51,48,49;,
  3;43,50,52;,
  3;53,48,51;,
  3;53,51,54;,
  3;48,55,50;,
  3;53,55,48;,
  3;52,50,55;,
  3;53,54,56;,
  3;52,55,57;,
  3;56,58,53;,
  3;55,53,59;,
  3;59,53,58;,
  3;55,59,57;,
  3;58,56,60;,
  3;60,56,61;,
  3;58,60,59;,
  3;62,59,60;,
  3;63,59,62;,
  3;57,59,63;,
  3;62,64,63;,
  3;63,64,65;,
  3;66,57,63;,
  3;66,52,57;,
  3;65,67,63;,
  3;63,67,66;,
  3;67,65,68;,
  3;68,69,67;,
  3;67,69,66;,
  3;69,68,70;,
  3;71,66,69;,
  3;70,71,69;,
  3;70,72,71;,
  3;72,66,71;,
  3;72,70,73;,
  3;66,72,74;,
  3;72,73,74;,
  3;74,52,66;,
  3;75,74,73;,
  3;52,74,43;,
  3;39,74,75;,
  3;39,43,74;,
  3;76,77,78;,
  3;76,79,77;,
  3;76,80,79;,
  3;79,81,77;,
  3;82,79,80;,
  3;82,80,83;,
  3;83,84,82;,
  3;79,82,85;,
  3;85,81,79;,
  3;84,86,82;,
  3;86,84,87;,
  3;82,88,85;,
  3;88,82,86;,
  3;85,88,81;,
  3;89,86,87;,
  3;81,88,90;,
  3;91,86,89;,
  3;91,89,92;,
  3;86,93,88;,
  3;91,93,86;,
  3;90,88,93;,
  3;91,92,94;,
  3;90,93,95;,
  3;94,96,91;,
  3;93,91,97;,
  3;97,91,96;,
  3;93,97,95;,
  3;96,94,98;,
  3;98,94,99;,
  3;96,98,97;,
  3;100,97,98;,
  3;101,97,100;,
  3;95,97,101;,
  3;100,102,101;,
  3;101,102,103;,
  3;104,95,101;,
  3;104,90,95;,
  3;103,105,101;,
  3;101,105,104;,
  3;105,103,106;,
  3;106,107,105;,
  3;105,107,104;,
  3;107,106,108;,
  3;109,104,107;,
  3;108,109,107;,
  3;108,110,109;,
  3;110,104,109;,
  3;110,108,111;,
  3;104,110,112;,
  3;110,111,112;,
  3;112,90,104;,
  3;113,112,111;,
  3;90,112,81;,
  3;77,112,113;,
  3;77,81,112;,
  3;114,115,116;,
  3;114,116,117;,
  3;114,117,118;,
  3;117,116,119;,
  3;120,118,117;,
  3;120,121,118;,
  3;121,120,122;,
  3;123,117,119;,
  3;117,123,120;,
  3;123,119,124;,
  3;120,123,124;,
  3;122,120,125;,
  3;124,125,120;,
  3;125,126,122;,
  3;127,126,125;,
  3;119,128,124;,
  3;129,127,125;,
  3;129,130,127;,
  3;125,124,131;,
  3;129,125,131;,
  3;128,131,124;,
  3;129,132,130;,
  3;128,133,131;,
  3;132,129,134;,
  3;131,135,129;,
  3;135,134,129;,
  3;131,133,135;,
  3;134,136,132;,
  3;136,137,132;,
  3;134,135,136;,
  3;138,136,135;,
  3;139,138,135;,
  3;133,139,135;,
  3;138,139,140;,
  3;139,141,140;,
  3;142,139,133;,
  3;142,133,128;,
  3;141,139,143;,
  3;139,142,143;,
  3;143,144,141;,
  3;144,143,145;,
  3;143,142,145;,
  3;145,146,144;,
  3;147,145,142;,
  3;146,145,147;,
  3;146,147,148;,
  3;148,147,142;,
  3;148,149,146;,
  3;142,150,148;,
  3;148,150,149;,
  3;150,142,128;,
  3;151,149,150;,
  3;128,119,150;,
  3;116,151,150;,
  3;116,150,119;;

  MeshNormals {
   152;
   0.986127;0.022160;-0.164509;,
   0.956494;-0.182130;-0.227922;,
   0.919528;0.007570;-0.392951;,
   0.786054;-0.206731;-0.582564;,
   0.610330;-0.486476;-0.625171;,
   0.396088;0.247586;-0.884203;,
   0.650864;0.085433;-0.754372;,
   0.926964;-0.375148;-0.001161;,
   0.987545;0.156585;0.015331;,
   0.472191;0.026088;-0.881110;,
   0.374132;0.435654;-0.818677;,
   0.479708;0.586826;-0.652316;,
   0.678117;0.734374;0.029198;,
   0.366700;0.929801;0.031655;,
   0.396101;0.358162;-0.845473;,
   0.147372;0.805440;-0.574063;,
   -0.338438;0.940673;0.024362;,
   0.314979;0.509267;-0.800897;,
   -0.588410;0.808369;0.017721;,
   0.269477;0.488795;-0.829736;,
   -0.313529;0.891251;-0.327676;,
   -0.447343;0.632134;-0.632685;,
   -0.689884;0.718239;-0.090514;,
   -0.799355;0.600787;0.009260;,
   -0.823196;0.471887;-0.315708;,
   -0.370528;0.344636;-0.862517;,
   -0.745645;0.117698;-0.655866;,
   -0.533361;-0.243091;-0.810205;,
   0.349635;0.426600;-0.834127;,
   -0.254095;0.080616;-0.963814;,
   -0.128833;-0.549571;-0.825454;,
   0.046591;-0.160452;-0.985943;,
   0.192886;-0.621078;-0.759643;,
   0.322373;-0.153120;-0.934147;,
   0.641709;-0.044901;-0.765633;,
   0.534823;-0.425641;-0.729927;,
   0.655301;0.142502;-0.741805;,
   0.956494;-0.182130;-0.227922;,
   0.982334;0.011704;0.186772;,
   0.910828;-0.016415;0.412459;,
   0.951470;-0.195982;0.237269;,
   0.773430;-0.241534;0.586061;,
   0.597011;-0.523203;0.608142;,
   0.376754;0.194273;0.905712;,
   0.634377;0.039975;0.771990;,
   0.926964;-0.375148;-0.001161;,
   0.987545;0.156585;0.015331;,
   0.453043;-0.026689;0.891089;,
   0.465141;0.546659;0.696282;,
   0.678117;0.734374;0.029198;,
   0.356096;0.385922;0.851035;,
   0.366700;0.929801;0.031655;,
   0.377531;0.306957;0.873641;,
   0.134429;0.769755;0.624024;,
   -0.338438;0.940673;0.024362;,
   0.297293;0.460501;0.836394;,
   -0.588410;0.808369;0.017721;,
   0.251192;0.438377;0.862976;,
   -0.321101;0.870372;0.373291;,
   -0.461299;0.593650;0.659381;,
   -0.692137;0.712024;0.118188;,
   -0.799355;0.600787;0.009260;,
   -0.830120;0.452792;0.325393;,
   -0.389278;0.292934;0.873300;,
   -0.759701;0.078940;0.645463;,
   -0.550567;-0.290530;0.782604;,
   0.331277;0.375979;0.865387;,
   -0.274886;0.023282;0.961195;,
   -0.146267;-0.597641;0.788309;,
   0.025400;-0.218874;0.975422;,
   0.176845;-0.665310;0.725319;,
   0.302236;-0.208646;0.930118;,
   0.625067;-0.090792;0.775273;,
   0.519221;-0.468667;0.714675;,
   0.639050;0.097686;0.762937;,
   0.951470;-0.195982;0.237269;,
   -0.986127;0.022160;-0.164509;,
   -0.919528;0.007570;-0.392951;,
   -0.956494;-0.182131;-0.227922;,
   -0.786054;-0.206731;-0.582564;,
   -0.610330;-0.486476;-0.625171;,
   -0.396088;0.247586;-0.884203;,
   -0.650864;0.085433;-0.754372;,
   -0.926964;-0.375148;-0.001161;,
   -0.987545;0.156585;0.015331;,
   -0.472191;0.026088;-0.881110;,
   -0.479708;0.586826;-0.652316;,
   -0.678117;0.734374;0.029198;,
   -0.374132;0.435654;-0.818677;,
   -0.366700;0.929801;0.031655;,
   -0.396101;0.358162;-0.845473;,
   -0.147372;0.805440;-0.574063;,
   0.338438;0.940673;0.024362;,
   -0.314979;0.509267;-0.800897;,
   0.588410;0.808369;0.017721;,
   -0.269477;0.488795;-0.829736;,
   0.313529;0.891251;-0.327676;,
   0.447343;0.632134;-0.632685;,
   0.689885;0.718239;-0.090514;,
   0.799355;0.600787;0.009260;,
   0.823196;0.471887;-0.315708;,
   0.370528;0.344636;-0.862517;,
   0.745645;0.117698;-0.655866;,
   0.533361;-0.243091;-0.810205;,
   -0.349635;0.426600;-0.834127;,
   0.254095;0.080616;-0.963814;,
   0.128833;-0.549571;-0.825453;,
   -0.046591;-0.160452;-0.985943;,
   -0.192886;-0.621078;-0.759643;,
   -0.322373;-0.153120;-0.934147;,
   -0.641709;-0.044901;-0.765633;,
   -0.534823;-0.425641;-0.729927;,
   -0.655301;0.142502;-0.741805;,
   -0.956494;-0.182131;-0.227922;,
   -0.982334;0.011704;0.186772;,
   -0.951470;-0.195982;0.237269;,
   -0.910828;-0.016415;0.412459;,
   -0.773430;-0.241534;0.586061;,
   -0.597011;-0.523203;0.608142;,
   -0.376754;0.194273;0.905712;,
   -0.634377;0.039975;0.771990;,
   -0.926964;-0.375148;-0.001161;,
   -0.987545;0.156585;0.015331;,
   -0.453043;-0.026689;0.891089;,
   -0.356096;0.385922;0.851035;,
   -0.465141;0.546659;0.696282;,
   -0.678117;0.734374;0.029198;,
   -0.366700;0.929801;0.031655;,
   -0.377531;0.306957;0.873641;,
   -0.134429;0.769756;0.624023;,
   0.338438;0.940673;0.024362;,
   -0.297293;0.460502;0.836394;,
   0.588410;0.808369;0.017721;,
   -0.251192;0.438377;0.862976;,
   0.321101;0.870372;0.373291;,
   0.461299;0.593650;0.659381;,
   0.692137;0.712024;0.118188;,
   0.799355;0.600787;0.009260;,
   0.830120;0.452792;0.325393;,
   0.389278;0.292934;0.873300;,
   0.759701;0.078940;0.645463;,
   0.550567;-0.290530;0.782604;,
   -0.331277;0.375979;0.865387;,
   0.274886;0.023282;0.961195;,
   0.146267;-0.597641;0.788309;,
   -0.025400;-0.218874;0.975422;,
   -0.176845;-0.665310;0.725319;,
   -0.302236;-0.208646;0.930118;,
   -0.625067;-0.090792;0.775273;,
   -0.519221;-0.468667;0.714675;,
   -0.639050;0.097686;0.762937;,
   -0.951470;-0.195982;0.237269;;
   220;
   3;0,1,2;,
   3;0,2,3;,
   3;0,3,4;,
   3;3,2,5;,
   3;6,4,3;,
   3;6,7,4;,
   3;7,6,8;,
   3;9,3,5;,
   3;3,9,6;,
   3;9,5,10;,
   3;6,9,10;,
   3;8,6,11;,
   3;10,11,6;,
   3;11,12,8;,
   3;13,12,11;,
   3;5,14,10;,
   3;15,13,11;,
   3;15,16,13;,
   3;11,10,17;,
   3;15,11,17;,
   3;14,17,10;,
   3;15,18,16;,
   3;14,19,17;,
   3;18,15,20;,
   3;17,21,15;,
   3;21,20,15;,
   3;17,19,21;,
   3;20,22,18;,
   3;22,23,18;,
   3;20,21,22;,
   3;24,22,21;,
   3;25,24,21;,
   3;19,25,21;,
   3;24,25,26;,
   3;25,27,26;,
   3;28,25,19;,
   3;28,19,14;,
   3;27,25,29;,
   3;25,28,29;,
   3;29,30,27;,
   3;30,29,31;,
   3;29,28,31;,
   3;31,32,30;,
   3;33,31,28;,
   3;32,31,33;,
   3;32,33,34;,
   3;34,33,28;,
   3;34,35,32;,
   3;28,36,34;,
   3;34,36,35;,
   3;36,28,14;,
   3;37,35,36;,
   3;14,5,36;,
   3;2,37,36;,
   3;2,36,5;,
   3;38,39,40;,
   3;38,41,39;,
   3;38,42,41;,
   3;41,43,39;,
   3;44,41,42;,
   3;44,42,45;,
   3;45,46,44;,
   3;41,44,47;,
   3;47,43,41;,
   3;46,48,44;,
   3;48,46,49;,
   3;44,50,47;,
   3;50,44,48;,
   3;47,50,43;,
   3;51,48,49;,
   3;43,50,52;,
   3;53,48,51;,
   3;53,51,54;,
   3;48,55,50;,
   3;53,55,48;,
   3;52,50,55;,
   3;53,54,56;,
   3;52,55,57;,
   3;56,58,53;,
   3;55,53,59;,
   3;59,53,58;,
   3;55,59,57;,
   3;58,56,60;,
   3;60,56,61;,
   3;58,60,59;,
   3;62,59,60;,
   3;63,59,62;,
   3;57,59,63;,
   3;62,64,63;,
   3;63,64,65;,
   3;66,57,63;,
   3;66,52,57;,
   3;65,67,63;,
   3;63,67,66;,
   3;67,65,68;,
   3;68,69,67;,
   3;67,69,66;,
   3;69,68,70;,
   3;71,66,69;,
   3;70,71,69;,
   3;70,72,71;,
   3;72,66,71;,
   3;72,70,73;,
   3;66,72,74;,
   3;72,73,74;,
   3;74,52,66;,
   3;75,74,73;,
   3;52,74,43;,
   3;39,74,75;,
   3;39,43,74;,
   3;76,77,78;,
   3;76,79,77;,
   3;76,80,79;,
   3;79,81,77;,
   3;82,79,80;,
   3;82,80,83;,
   3;83,84,82;,
   3;79,82,85;,
   3;85,81,79;,
   3;84,86,82;,
   3;86,84,87;,
   3;82,88,85;,
   3;88,82,86;,
   3;85,88,81;,
   3;89,86,87;,
   3;81,88,90;,
   3;91,86,89;,
   3;91,89,92;,
   3;86,93,88;,
   3;91,93,86;,
   3;90,88,93;,
   3;91,92,94;,
   3;90,93,95;,
   3;94,96,91;,
   3;93,91,97;,
   3;97,91,96;,
   3;93,97,95;,
   3;96,94,98;,
   3;98,94,99;,
   3;96,98,97;,
   3;100,97,98;,
   3;101,97,100;,
   3;95,97,101;,
   3;100,102,101;,
   3;101,102,103;,
   3;104,95,101;,
   3;104,90,95;,
   3;103,105,101;,
   3;101,105,104;,
   3;105,103,106;,
   3;106,107,105;,
   3;105,107,104;,
   3;107,106,108;,
   3;109,104,107;,
   3;108,109,107;,
   3;108,110,109;,
   3;110,104,109;,
   3;110,108,111;,
   3;104,110,112;,
   3;110,111,112;,
   3;112,90,104;,
   3;113,112,111;,
   3;90,112,81;,
   3;77,112,113;,
   3;77,81,112;,
   3;114,115,116;,
   3;114,116,117;,
   3;114,117,118;,
   3;117,116,119;,
   3;120,118,117;,
   3;120,121,118;,
   3;121,120,122;,
   3;123,117,119;,
   3;117,123,120;,
   3;123,119,124;,
   3;120,123,124;,
   3;122,120,125;,
   3;124,125,120;,
   3;125,126,122;,
   3;127,126,125;,
   3;119,128,124;,
   3;129,127,125;,
   3;129,130,127;,
   3;125,124,131;,
   3;129,125,131;,
   3;128,131,124;,
   3;129,132,130;,
   3;128,133,131;,
   3;132,129,134;,
   3;131,135,129;,
   3;135,134,129;,
   3;131,133,135;,
   3;134,136,132;,
   3;136,137,132;,
   3;134,135,136;,
   3;138,136,135;,
   3;139,138,135;,
   3;133,139,135;,
   3;138,139,140;,
   3;139,141,140;,
   3;142,139,133;,
   3;142,133,128;,
   3;141,139,143;,
   3;139,142,143;,
   3;143,144,141;,
   3;144,143,145;,
   3;143,142,145;,
   3;145,146,144;,
   3;147,145,142;,
   3;146,145,147;,
   3;146,147,148;,
   3;148,147,142;,
   3;148,149,146;,
   3;142,150,148;,
   3;148,150,149;,
   3;150,142,128;,
   3;151,149,150;,
   3;128,119,150;,
   3;116,151,150;,
   3;116,150,119;;
  }

  MeshMaterialList {
   1;
   220;
   0,
   0,
   0,
   0,
   0,
   0,
   0,
   0,
   0,
   0,
   0,
   0,
   0,
   0,
   0,
   0,
   0,
   0,
   0,
   0,
   0,
   0,
   0,
   0,
   0,
   0,
   0,
   0,
   0,
   0,
   0,
   0,
   0,
   0,
   0,
   0,
   0,
   0,
   0,
   0,
   0,
   0,
   0,
   0,
   0,
   0,
   0,
   0,
   0,
   0,
   0,
   0,
   0,
   0,
   0,
   0,
   0,
   0,
   0,
   0,
   0,
   0,
   0,
   0,
   0,
   0,
   0,
   0,
   0,
   0,
   0,
   0,
   0,
   0,
   0,
   0,
   0,
   0,
   0,
   0,
   0,
   0,
   0,
   0,
   0,
   0,
   0,
   0,
   0,
   0,
   0,
   0,
   0,
   0,
   0,
   0,
   0,
   0,
   0,
   0,
   0,
   0,
   0,
   0,
   0,
   0,
   0,
   0,
   0,
   0,
   0,
   0,
   0,
   0,
   0,
   0,
   0,
   0,
   0,
   0,
   0,
   0,
   0,
   0,
   0,
   0,
   0,
   0,
   0,
   0,
   0,
   0,
   0,
   0,
   0,
   0,
   0,
   0,
   0,
   0,
   0,
   0,
   0,
   0,
   0,
   0,
   0,
   0,
   0,
   0,
   0,
   0,
   0,
   0,
   0,
   0,
   0,
   0,
   0,
   0,
   0,
   0,
   0,
   0,
   0,
   0,
   0,
   0,
   0,
   0,
   0,
   0,
   0,
   0,
   0,
   0,
   0,
   0,
   0,
   0,
   0,
   0,
   0,
   0,
   0,
   0,
   0,
   0,
   0,
   0,
   0,
   0,
   0,
   0,
   0,
   0,
   0,
   0,
   0,
   0,
   0,
   0,
   0,
   0,
   0,
   0,
   0,
   0,
   0,
   0,
   0,
   0,
   0,
   0,
   0,
   0,
   0,
   0,
   0,
   0;
   { m_gigas_part01 }
  }

  MeshTextureCoords c1 {
   152;
   0.247803;0.546387;,
   0.160034;0.682129;,
   0.177734;0.686523;,
   0.278320;0.549316;,
   0.172974;0.332275;,
   0.325195;0.622559;,
   0.213745;0.307373;,
   0.005798;0.090759;,
   0.038696;0.044281;,
   0.329102;0.567383;,
   0.438232;0.511719;,
   0.395264;0.283936;,
   0.399902;0.033691;,
   0.670410;0.025497;,
   0.480225;0.652832;,
   0.746094;0.366699;,
   0.900391;0.171387;,
   0.596191;0.559570;,
   0.945801;0.223389;,
   0.648438;0.666992;,
   0.870117;0.441895;,
   0.828125;0.693848;,
   0.924316;0.448730;,
   0.991699;0.276123;,
   0.866211;0.713379;,
   0.778320;0.793457;,
   0.805664;0.833984;,
   0.673828;0.948242;,
   0.561523;0.766602;,
   0.665527;0.893066;,
   0.537598;0.977539;,
   0.549805;0.916504;,
   0.362793;0.892578;,
   0.399902;0.854492;,
   0.290771;0.784668;,
   0.247192;0.804688;,
   0.276611;0.765625;,
   0.146362;0.722656;,
   0.247803;0.546387;,
   0.177734;0.686523;,
   0.160034;0.682129;,
   0.278320;0.549316;,
   0.172974;0.332275;,
   0.325195;0.622559;,
   0.213745;0.307373;,
   0.005798;0.090759;,
   0.038696;0.044281;,
   0.329102;0.567383;,
   0.395264;0.283936;,
   0.399902;0.033691;,
   0.438232;0.511719;,
   0.670410;0.025497;,
   0.480225;0.652832;,
   0.746094;0.366699;,
   0.900391;0.171387;,
   0.596191;0.559570;,
   0.945801;0.223389;,
   0.648438;0.666992;,
   0.870117;0.441895;,
   0.828125;0.693848;,
   0.924316;0.448730;,
   0.991699;0.276123;,
   0.866211;0.713379;,
   0.778320;0.793457;,
   0.805664;0.833984;,
   0.673828;0.948242;,
   0.561523;0.766602;,
   0.665527;0.893066;,
   0.537598;0.977539;,
   0.549805;0.916504;,
   0.362793;0.892578;,
   0.399902;0.854492;,
   0.290771;0.784668;,
   0.247192;0.804688;,
   0.276611;0.765625;,
   0.146362;0.722656;,
   0.247803;0.546387;,
   0.177734;0.686523;,
   0.160034;0.682129;,
   0.278320;0.549316;,
   0.172974;0.332275;,
   0.325195;0.622559;,
   0.213745;0.307373;,
   0.005798;0.090759;,
   0.038696;0.044281;,
   0.329102;0.567383;,
   0.395264;0.283936;,
   0.399902;0.033691;,
   0.438232;0.511719;,
   0.670410;0.025497;,
   0.480225;0.652832;,
   0.746094;0.366699;,
   0.900391;0.171387;,
   0.596191;0.559570;,
   0.945801;0.223389;,
   0.648438;0.666992;,
   0.870117;0.441895;,
   0.828125;0.693848;,
   0.924316;0.448730;,
   0.991699;0.276123;,
   0.866211;0.713379;,
   0.778320;0.793457;,
   0.805664;0.833984;,
   0.673828;0.948242;,
   0.561523;0.766602;,
   0.665527;0.893066;,
   0.537598;0.977539;,
   0.549805;0.916504;,
   0.362793;0.892578;,
   0.399902;0.854492;,
   0.290771;0.784668;,
   0.247192;0.804688;,
   0.276611;0.765625;,
   0.146362;0.722656;,
   0.247803;0.546387;,
   0.160034;0.682129;,
   0.177734;0.686523;,
   0.278320;0.549316;,
   0.172974;0.332275;,
   0.325195;0.622559;,
   0.213745;0.307373;,
   0.005798;0.090759;,
   0.038696;0.044281;,
   0.329102;0.567383;,
   0.438232;0.511719;,
   0.395264;0.283936;,
   0.399902;0.033691;,
   0.670410;0.025497;,
   0.480225;0.652832;,
   0.746094;0.366699;,
   0.900391;0.171387;,
   0.596191;0.559570;,
   0.945801;0.223389;,
   0.648438;0.666992;,
   0.870117;0.441895;,
   0.828125;0.693848;,
   0.924316;0.448730;,
   0.991699;0.276123;,
   0.866211;0.713379;,
   0.778320;0.793457;,
   0.805664;0.833984;,
   0.673828;0.948242;,
   0.561523;0.766602;,
   0.665527;0.893066;,
   0.537598;0.977539;,
   0.549805;0.916504;,
   0.362793;0.892578;,
   0.399902;0.854492;,
   0.290771;0.784668;,
   0.247192;0.804688;,
   0.276611;0.765625;,
   0.146362;0.722656;;
  }

  XSkinMeshHeader {
   1;
   1;
   2;
  }

  SkinWeights {
   "bone_clavicle_r";
   76;
   76,
   77,
   78,
   79,
   80,
   81,
   82,
   83,
   84,
   85,
   86,
   87,
   88,
   89,
   90,
   91,
   92,
   93,
   94,
   95,
   96,
   97,
   98,
   99,
   100,
   101,
   102,
   103,
   104,
   105,
   106,
   107,
   108,
   109,
   110,
   111,
   112,
   113,
   114,
   115,
   116,
   117,
   118,
   119,
   120,
   121,
   122,
   123,
   124,
   125,
   126,
   127,
   128,
   129,
   130,
   131,
   132,
   133,
   134,
   135,
   136,
   137,
   138,
   139,
   140,
   141,
   142,
   143,
   144,
   145,
   146,
   147,
   148,
   149,
   150,
   151;
   1.000000,
   1.000000,
   1.000000,
   1.000000,
   1.000000,
   1.000000,
   1.000000,
   1.000000,
   1.000000,
   1.000000,
   1.000000,
   1.000000,
   1.000000,
   1.000000,
   1.000000,
   1.000000,
   1.000000,
   1.000000,
   1.000000,
   1.000000,
   1.000000,
   1.000000,
   1.000000,
   1.000000,
   1.000000,
   1.000000,
   1.000000,
   1.000000,
   1.000000,
   1.000000,
   1.000000,
   1.000000,
   1.000000,
   1.000000,
   1.000000,
   1.000000,
   1.000000,
   1.000000,
   1.000000,
   1.000000,
   1.000000,
   1.000000,
   1.000000,
