xof 0303txt 0032
template ColorRGBA {
 <35ff44e0-6c7c-11cf-8f52-0040333594a3>
 FLOAT red;
 FLOAT green;
 FLOAT blue;
 FLOAT alpha;
}

template ColorRGB {
 <d3e16e81-7835-11cf-8f52-0040333594a3>
 FLOAT red;
 FLOAT green;
 FLOAT blue;
}

template Material {
 <3d82ab4d-62da-11cf-ab39-0020af71e433>
 ColorRGBA faceColor;
 FLOAT power;
 ColorRGB specularColor;
 ColorRGB emissiveColor;
 [...]
}

template TextureFilename {
 <a42790e1-7810-11cf-8f52-0040333594a3>
 STRING filename;
}

template Frame {
 <3d82ab46-62da-11cf-ab39-0020af71e433>
 [...]
}

template Matrix4x4 {
 <f6f23f45-7686-11cf-8f52-0040333594a3>
 array FLOAT matrix[16];
}

template FrameTransformMatrix {
 <f6f23f41-7686-11cf-8f52-0040333594a3>
 Matrix4x4 frameMatrix;
}

template Vector {
 <3d82ab5e-62da-11cf-ab39-0020af71e433>
 FLOAT x;
 FLOAT y;
 FLOAT z;
}

template MeshFace {
 <3d82ab5f-62da-11cf-ab39-0020af71e433>
 DWORD nFaceVertexIndices;
 array DWORD faceVertexIndices[nFaceVertexIndices];
}

template Mesh {
 <3d82ab44-62da-11cf-ab39-0020af71e433>
 DWORD nVertices;
 array Vector vertices[nVertices];
 DWORD nFaces;
 array MeshFace faces[nFaces];
 [...]
}

template MeshNormals {
 <f6f23f43-7686-11cf-8f52-0040333594a3>
 DWORD nNormals;
 array Vector normals[nNormals];
 DWORD nFaceNormals;
 array MeshFace faceNormals[nFaceNormals];
}

template MeshMaterialList {
 <f6f23f42-7686-11cf-8f52-0040333594a3>
 DWORD nMaterials;
 DWORD nFaceIndexes;
 array DWORD faceIndexes[nFaceIndexes];
 [Material <3d82ab4d-62da-11cf-ab39-0020af71e433>]
}

template Coords2d {
 <f6f23f44-7686-11cf-8f52-0040333594a3>
 FLOAT u;
 FLOAT v;
}

template MeshTextureCoords {
 <f6f23f40-7686-11cf-8f52-0040333594a3>
 DWORD nTextureCoords;
 array Coords2d textureCoords[nTextureCoords];
}

template XSkinMeshHeader {
 <3cf169ce-ff7c-44ab-93c0-f78f62d172e2>
 WORD nMaxSkinWeightsPerVertex;
 WORD nMaxSkinWeightsPerFace;
 WORD nBones;
}

template SkinWeights {
 <6f0d123b-bad2-4167-a0d0-80224f25fabb>
 STRING transformNodeName;
 DWORD nWeights;
 array DWORD vertexIndices[nWeights];
 array FLOAT weights[nWeights];
 Matrix4x4 matrixOffset;
}

template AnimTicksPerSecond {
 <9e415a43-7ba6-4a73-8743-b73d47e88476>
 DWORD AnimTicksPerSecond;
}

template Animation {
 <3d82ab4f-62da-11cf-ab39-0020af71e433>
 [...]
}

template AnimationSet {
 <3d82ab50-62da-11cf-ab39-0020af71e433>
 [Animation <3d82ab4f-62da-11cf-ab39-0020af71e433>]
}

template FloatKeys {
 <10dd46a9-775b-11cf-8f52-0040333594a3>
 DWORD nValues;
 array FLOAT values[nValues];
}

template TimedFloatKeys {
 <f406b180-7b3b-11cf-8f52-0040333594a3>
 DWORD time;
 FloatKeys tfkeys;
}

template AnimationKey {
 <10dd46a8-775b-11cf-8f52-0040333594a3>
 DWORD keyType;
 DWORD nKeys;
 array TimedFloatKeys keys[nKeys];
}


Material m_anubiswarrior01 {
 1.000000;1.000000;1.000000;1.000000;;
 10.000000;
 0.000000;0.000000;0.000000;;
 0.000000;0.000000;0.000000;;

 TextureFilename {
  "t_anubiswarrior01_df.tga";
 }
}

Frame bip001 {
 

 FrameTransformMatrix {
  -0.215119,-0.108842,-0.970504,0.000000,-0.110158,0.990132,-0.086626,0.000000,0.970355,0.088274,-0.224986,0.000000,-3.402440,92.962618,-0.548771,1.000000;;
 }

 Frame bip001-pelvis {
  

  FrameTransformMatrix {
   0.000000,0.996194,-0.087157,0.000000,-0.000002,0.087157,0.996195,0.000000,1.000000,0.000000,0.000002,0.000000,0.000000,0.000000,0.000000,1.000000;;
  }

  Frame bip001-spine {
   

   FrameTransformMatrix {
    0.965293,0.088640,0.245666,0.000000,-0.075526,0.995195,-0.062318,0.000000,-0.250009,0.041601,0.967349,0.000000,13.945557,1.218779,-0.020096,1.000000;;
   }

   Frame bip001-spine1 {
    

    FrameTransformMatrix {
     0.684554,0.324644,0.652681,0.000000,-0.206053,0.945018,-0.253937,0.000000,-0.699234,0.039347,0.713810,0.000000,26.115037,-0.001078,-0.019508,1.000000;;
    }

    Frame bip001-neck {
     

     FrameTransformMatrix {
      0.812013,0.000001,0.583639,0.000000,-0.000002,1.000000,-0.000000,0.000000,-0.583639,-0.000001,0.812013,0.000000,33.727242,-0.000002,2.212784,1.000000;;
     }

     Frame bip001-l-clavicle {
      

      FrameTransformMatrix {
       -0.048386,0.968262,0.245209,0.000000,0.816433,0.179766,-0.548745,0.000000,-0.575409,0.173646,-0.799219,0.000000,-3.123699,16.158630,-1.884491,1.000000;;
      }

      Frame bip001-l-upperarm {
       

       FrameTransformMatrix {
        0.878065,-0.006502,-0.478497,0.000000,0.222366,0.890944,0.395946,0.000000,0.423740,-0.454068,0.783752,0.000000,25.422389,0.000000,0.000000,1.000000;;
       }

       Frame bip001-l-forearm {
        

        FrameTransformMatrix {
         0.522915,0.000000,-0.852385,0.000000,0.000000,1.000000,0.000000,0.000000,0.852385,0.000000,0.522915,0.000000,39.947786,0.000015,0.000008,1.000000;;
        }

        Frame bip001-l-hand {
         

         FrameTransformMatrix {
          0.985959,-0.165578,0.021650,0.000000,-0.054400,-0.195910,0.979112,0.000000,-0.157878,-0.966542,-0.202166,0.000000,35.385789,0.000008,-0.000008,1.000000;;
         }

         Frame bip001-l-finger0 {
          

          FrameTransformMatrix {
           0.507454,-0.581391,0.635984,0.000000,0.604215,-0.286133,-0.743675,0.000000,0.614342,0.761652,0.206085,0.000000,9.536770,-12.097441,2.289932,1.000000;;
          }

          Frame bip001-l-finger01 {
           

           FrameTransformMatrix {
            0.784903,-0.000000,0.619619,0.000000,0.000000,1.000000,-0.000000,0.000000,-0.619619,0.000000,0.784903,0.000000,16.886490,-0.000015,-0.000008,1.000000;;
           }
          }
         }

         Frame bip001-l-finger1 {
          

          FrameTransformMatrix {
           0.954261,-0.050377,0.294699,0.000000,0.049022,0.998726,0.011989,0.000000,-0.294928,0.003006,0.955515,0.000000,25.996326,-1.100756,-1.830490,1.000000;;
          }

          Frame bip001-l-finger11 {
           

           FrameTransformMatrix {
            0.804521,0.000000,0.593924,0.000000,0.000000,1.000000,-0.000000,0.000000,-0.593924,0.000000,0.804521,0.000000,13.176518,0.000004,-0.000015,1.000000;;
           }
          }
         }
        }
       }
      }
     }

     Frame bip001-r-clavicle {
      

      FrameTransformMatrix {
       -0.141955,-0.974995,0.170976,0.000000,-0.799734,0.214751,0.560632,0.000000,-0.583331,-0.057151,-0.810222,0.000000,-3.123697,-16.158637,-1.884399,1.000000;;
      }

      Frame bip001-r-upperarm {
       

       FrameTransformMatrix {
        0.363567,0.931176,0.027041,0.000000,-0.687861,0.287916,-0.666297,0.000000,-0.628224,0.223643,0.745196,0.000000,25.422398,0.000000,0.000000,1.000000;;
       }

       Frame bip001-r-forearm {
        

        FrameTransformMatrix {
         0.346383,-0.000000,-0.938093,0.000000,0.000000,1.000000,-0.000000,0.000000,0.938093,0.000000,0.346383,0.000000,39.947786,0.000000,-0.000004,1.000000;;
        }

        Frame bip001-r-hand {
         

         FrameTransformMatrix {
          0.907886,0.384778,0.166398,0.000000,0.154789,0.061192,-0.986051,0.000000,-0.389593,0.920978,-0.004004,0.000000,35.385789,-0.000015,0.000004,1.000000;;
         }

         Frame bip001-r-finger0 {
          

          FrameTransformMatrix {
           0.566480,0.423009,0.707222,0.000000,-0.629961,-0.330984,0.702565,0.000000,0.531271,-0.843512,0.078984,0.000000,9.536758,12.097430,2.289925,1.000000;;
          }

          Frame bip001-r-finger01 {
           

           FrameTransformMatrix {
            0.415678,-0.173103,0.892887,0.000000,0.060400,0.984808,0.162805,0.000000,-0.907504,-0.013745,0.419819,0.000000,16.886475,0.000000,0.000000,1.000000;;
           }
          }
         }

         Frame bip001-r-finger1 {
          

          FrameTransformMatrix {
           0.645580,-0.062467,0.761134,0.000000,0.068814,0.997353,0.023487,0.000000,-0.760586,0.037214,0.648169,0.000000,25.996330,1.100733,-1.830482,1.000000;;
          }

          Frame bip001-r-finger11 {
           

           FrameTransformMatrix {
            0.080164,0.000000,0.996782,0.000000,-0.000000,1.000000,-0.000000,0.000000,-0.996782,-0.000000,0.080164,0.000000,13.176498,-0.000001,0.000008,1.000000;;
           }
          }
         }

         Frame hand_r {
          

          FrameTransformMatrix {
           -0.996194,0.087158,-0.000000,0.000000,-0.087158,-0.996195,0.000000,0.000000,0.000000,0.000000,1.000000,0.000000,23.715675,5.689770,11.584389,1.000000;;
          }
         }
        }
       }
      }
     }

     Frame bip001-head {
      

      FrameTransformMatrix {
       0.516884,-0.002371,-0.856052,0.000000,0.131271,0.988388,0.076524,0.000000,0.845930,-0.151929,0.511194,0.000000,12.220787,-0.000001,0.000015,1.000000;;
      }

      Frame bone_mouth {
       

       FrameTransformMatrix {
        -0.022812,0.000001,0.999740,0.000000,0.999740,-0.000000,0.022812,0.000000,0.000000,1.000000,-0.000001,0.000000,10.020508,0.000015,8.377956,1.000000;;
       }
      }

      Frame bone_ear_l {
       

       FrameTransformMatrix {
        0.762999,0.477532,-0.435657,0.000000,0.232994,0.425494,0.874453,0.000000,0.602949,-0.768712,0.213389,0.000000,28.708986,7.765534,1.444519,1.000000;;
       }
      }

      Frame bone_ear_r {
       

       FrameTransformMatrix {
        0.763607,-0.477051,-0.435117,0.000000,0.232476,-0.425563,0.874558,0.000000,-0.602378,-0.768973,-0.214060,0.000000,28.708986,-7.766026,1.444527,1.000000;;
       }
      }
     }
    }

    Frame bone_wing_l1 {
     

     FrameTransformMatrix {
      0.764056,0.590441,-0.259996,0.000000,0.039446,0.359492,0.932314,0.000000,0.643943,-0.722596,0.251381,0.000000,40.157584,17.996088,-20.711006,1.000000;;
     }

     Frame bone_wing_l2 {
      

      FrameTransformMatrix {
       0.386926,-0.013900,0.922006,0.000000,0.003197,0.999901,0.013733,0.000000,-0.922105,-0.002366,0.386932,0.000000,54.827514,0.000023,0.003664,1.000000;;
      }

      Frame bone_wing_l3 {
       

       FrameTransformMatrix {
        -0.792204,0.517084,-0.324093,0.000000,-0.021974,0.506562,0.861923,0.000000,0.609860,0.689941,-0.389938,0.000000,41.328950,3.748962,-8.627075,1.000000;;
       }

       Frame bone_wing_l4 {
        

        FrameTransformMatrix {
         0.950967,0.285101,0.119914,0.000000,-0.284986,0.958354,-0.018478,0.000000,-0.120188,-0.016601,0.992612,0.000000,74.798899,-0.000015,0.000000,1.000000;;
        }

        Frame bone_wing_l5 {
         

         FrameTransformMatrix {
          0.978243,0.180575,-0.102143,0.000000,-0.179821,0.983559,0.016619,0.000000,0.103465,0.002110,0.994631,0.000000,79.647603,-0.000031,-0.000015,1.000000;;
         }
        }
       }
      }
     }

     Frame bone_wing_l6 {
      

      FrameTransformMatrix {
       -0.161610,0.293612,-0.942165,0.000000,-0.610784,0.720125,0.329185,0.000000,0.775129,0.628659,0.062954,0.000000,52.255478,1.153183,-9.670668,1.000000;;
      }

      Frame bone_wing_l7 {
       

       FrameTransformMatrix {
        0.970779,0.217010,-0.102443,0.000000,-0.218995,0.975690,-0.008399,0.000000,0.098130,0.030588,0.994704,0.000000,46.529901,-0.000046,0.000011,1.000000;;
       }

       Frame bone_wing_l8 {
        

        FrameTransformMatrix {
         0.953733,0.298834,-0.033044,0.000000,-0.299200,0.954167,-0.006649,0.000000,0.029542,0.016228,0.999432,0.000000,76.663130,-0.000031,-0.000011,1.000000;;
        }
       }
      }
     }
    }

    Frame bone_wing_r1 {
     

     FrameTransformMatrix {
      0.474069,-0.755464,-0.452253,0.000000,-0.053408,-0.537366,0.841656,0.000000,-0.878866,-0.374849,-0.295096,0.000000,40.157523,-17.996050,-20.710946,1.000000;;
     }

     Frame bone_wing_r6 {
      

      FrameTransformMatrix {
       -0.161879,0.293884,0.942034,0.000000,-0.610719,0.720006,-0.329565,0.000000,-0.775124,-0.628668,0.062927,0.000000,52.255446,1.153091,9.670643,1.000000;;
      }

      Frame bone_wing_r7 {
       

       FrameTransformMatrix {
        0.970779,0.217010,0.102443,0.000000,-0.218994,0.975690,0.008399,0.000000,-0.098130,-0.030588,0.994704,0.000000,46.529907,0.000000,-0.000031,1.000000;;
       }

       Frame bone_wing_r8 {
        

        FrameTransformMatrix {
         0.953747,0.298842,0.032574,0.000000,-0.299201,0.954167,0.006649,0.000000,-0.029094,-0.016088,0.999447,0.000000,76.663149,-0.000015,0.000000,1.000000;;
        }
       }
      }
     }

     Frame bone_wing_r2 {
      

      FrameTransformMatrix {
       0.386926,-0.013900,-0.922006,0.000000,0.003197,0.999901,-0.013733,0.000000,0.922105,0.002366,0.386932,0.000000,54.827514,-0.000038,-0.003677,1.000000;;
      }

      Frame bone_wing_r3 {
       

       FrameTransformMatrix {
        -0.792204,0.517084,0.324094,0.000000,-0.021975,0.506563,-0.861923,0.000000,-0.609861,-0.689941,-0.389938,0.000000,41.328950,3.748940,8.627106,1.000000;;
       }

       Frame bone_wing_r4 {
        

        FrameTransformMatrix {
         0.950967,0.285101,-0.119914,0.000000,-0.285027,0.958348,0.018135,0.000000,0.120089,0.016933,0.992619,0.000000,74.798950,0.000000,0.000053,1.000000;;
        }

        Frame bone_wing_r5 {
         

         FrameTransformMatrix {
          0.978081,0.181126,0.102718,0.000000,-0.180370,0.983457,-0.016678,0.000000,-0.104039,-0.002215,0.994571,0.000000,79.647654,0.000015,0.000015,1.000000;;
         }
        }
       }
      }
     }
    }
   }

   Frame bip001-l-thigh {
    

    FrameTransformMatrix {
     -0.472719,0.288380,0.832691,0.000000,-0.123941,-0.957302,0.261175,0.000000,0.872454,0.020258,0.488277,0.000000,-12.563378,11.080750,3.925200,1.000000;;
    }

    Frame bip001-l-calf {
     

     FrameTransformMatrix {
      0.295560,0.000000,-0.955325,0.000000,-0.000000,1.000000,-0.000000,0.000000,0.955324,0.000000,0.295560,0.000000,46.408941,0.000008,-0.000011,1.000000;;
     }

     Frame bip001-l-horselink {
      

      FrameTransformMatrix {
       0.235769,-0.000000,0.971809,0.000000,-0.000000,1.000000,0.000000,0.000000,-0.971809,-0.000000,0.235769,0.000000,34.832461,0.000004,0.000002,1.000000;;
      }

      Frame bip001-l-foot {
       

       FrameTransformMatrix {
        0.654389,0.306924,-0.691066,0.000000,-0.047041,0.928672,0.367908,0.000000,0.754693,-0.208246,0.622151,0.000000,34.791443,0.000008,0.000002,1.000000;;
       }

       Frame bip001-l-toe0 {
        

        FrameTransformMatrix {
         0.000000,-0.000000,1.000000,0.000000,-0.000002,1.000000,0.000000,0.000000,-1.000000,-0.000002,0.000000,0.000000,11.542438,0.000042,14.854634,1.000000;;
        }
       }
      }
     }
    }

    Frame bone_armor_l1 {
     

     FrameTransformMatrix {
      0.939030,-0.152990,-0.307922,0.000000,0.307242,-0.028670,0.951200,0.000000,-0.154353,-0.987812,0.020083,0.000000,8.311718,-15.904965,-1.102150,1.000000;;
     }

     Frame bone_armor_l2 {
      

      FrameTransformMatrix {
       1.000000,0.000000,-0.000000,0.000000,0.000000,1.000000,0.000000,0.000000,0.000000,-0.000000,1.000000,0.000000,16.422832,0.000000,0.000008,1.000000;;
      }
     }
    }
   }

   Frame bip001-r-thigh {
    

    FrameTransformMatrix {
     -0.766897,-0.604629,0.215159,0.000000,0.378389,-0.696782,-0.609358,0.000000,0.518354,-0.385901,0.763145,0.000000,-14.565888,-11.402594,2.985310,1.000000;;
    }

    Frame bip001-r-calf {
     

     FrameTransformMatrix {
      0.148179,0.000000,-0.988960,0.000000,0.000000,1.000000,0.000000,0.000000,0.988960,0.000000,0.148179,0.000000,46.408922,0.000000,-0.000004,1.000000;;
     }

     Frame bip001-r-horselink {
      

      FrameTransformMatrix {
       -0.001680,-0.000000,0.999999,0.000000,-0.000000,1.000000,0.000000,0.000000,-0.999998,-0.000000,-0.001680,0.000000,34.832451,0.000008,0.000000,1.000000;;
      }

      Frame bip001-r-foot {
       

       FrameTransformMatrix {
        0.817015,-0.487985,-0.307177,0.000000,0.346767,0.841440,-0.414406,0.000000,0.460695,0.232057,0.856686,0.000000,34.791443,-0.000004,0.000000,1.000000;;
       }

       Frame bip001-r-toe0 {
        

        FrameTransformMatrix {
         -0.000000,0.000001,1.000000,0.000000,-0.000000,1.000000,-0.000001,0.000000,-1.000000,-0.000000,-0.000000,0.000000,11.542433,0.000011,14.854629,1.000000;;
        }
       }
      }
     }
    }

    Frame bone_armor_r1 {
     

     FrameTransformMatrix {
      0.939030,0.152991,-0.307923,0.000000,0.307242,0.028673,0.951200,0.000000,0.154354,-0.987811,-0.020081,0.000000,8.311745,15.905235,-1.102221,1.000000;;
     }

     Frame bone_armor_r2 {
      

      FrameTransformMatrix {
       1.000000,-0.000000,0.000000,0.000000,-0.000000,1.000000,0.000001,0.000000,0.000000,-0.000001,1.000000,0.000000,16.422843,-0.000010,0.000000,1.000000;;
      }
     }
    }
   }
  }

  Frame bone_tail_l1 {
   

   FrameTransformMatrix {
    0.174395,0.499042,-0.848848,0.000000,-0.984112,0.117498,-0.133107,0.000000,0.033312,0.858575,0.511604,0.000000,4.105904,12.131438,-23.205866,1.000000;;
   }

   Frame bone_tail_l2 {
    

    FrameTransformMatrix {
     0.484499,0.874792,-0.000000,0.000000,-0.874792,0.484499,0.000000,0.000000,-0.000000,0.000000,1.000000,0.000000,34.564538,0.000008,-0.000009,1.000000;;
    }
   }
  }

  Frame bone_tail_r1 {
   

   FrameTransformMatrix {
    0.174398,-0.499037,-0.848851,0.000000,-0.984112,-0.117500,-0.133109,0.000000,-0.033314,0.858578,-0.511599,0.000000,4.105950,-12.130919,-23.205931,1.000000;;
   }

   Frame bone_tail_r2 {
    

    FrameTransformMatrix {
     0.484499,0.874792,-0.000000,0.000000,-0.874792,0.484499,-0.000000,0.000000,-0.000000,0.000000,1.000000,0.000000,34.564547,0.000008,-0.000003,1.000000;;
    }
   }
  }
 }
}

Frame anubiswarrior01 {
 

 FrameTransformMatrix {
  1.000000,0.000000,0.000000,0.000000,0.000000,1.000000,0.000000,0.000000,0.000000,0.000000,1.000000,0.000000,0.000000,0.000000,0.000000,1.000000;;
 }

 Mesh anubiswarrior01 {
  2073;
  7.225207;171.303590;-11.083070;,
  0.000000;167.898163;-11.006162;,
  0.000000;169.750387;-10.784429;,
  -7.225207;171.303590;-11.083070;,
  0.000000;172.469376;-14.795459;,
  -9.657990;167.912051;-10.712610;,
  0.000000;162.022272;-15.593672;,
  -5.606437;174.197632;-16.018323;,
  -11.724914;162.810765;-11.885151;,
  0.000000;151.016858;-16.468752;,
  -12.450138;175.968371;-6.984223;,
  -13.831592;152.717043;-12.406030;,
  -15.214115;169.359206;-7.021671;,
  -17.314373;141.547712;-11.151536;,
  0.000000;140.596109;-16.073806;,
  0.000000;131.241549;-9.441760;,
  -23.377962;155.823514;-8.390773;,
  -17.919170;164.934195;-7.935293;,
  -19.838389;134.419814;-6.641349;,
  -30.687891;159.370957;-4.739286;,
  -28.475648;144.935014;-6.095890;,
  -26.493563;140.833190;-1.903561;,
  -32.630346;147.805171;-2.879621;,
  -13.597645;128.350643;-2.673929;,
  0.000000;129.617818;-6.030933;,
  -23.199840;133.461990;3.210873;,
  -9.810305;122.734029;1.856549;,
  0.000000;122.847347;-0.226516;,
  -18.466581;123.517965;7.925522;,
  -6.242616;116.413875;1.212388;,
  0.000000;116.946522;-0.003599;,
  -12.517750;114.370573;3.647571;,
  -8.873804;106.702835;-1.667009;,
  0.000000;108.847616;-5.344386;,
  0.000000;101.248365;-8.022332;,
  -18.713878;115.213517;7.874356;,
  -9.957315;93.442170;-4.395156;,
  0.000000;90.294598;-5.970372;,
  -7.856450;81.505350;-5.437190;,
  0.000000;79.758950;-4.889682;,
  -14.129109;87.241728;-1.405142;,
  -19.744806;96.692154;-0.580700;,
  -15.134782;108.368064;0.655309;,
  -21.571715;108.747942;6.209934;,
  -28.554874;92.929850;2.113581;,
  -22.102856;117.015693;14.556875;,
  -26.638685;109.678618;13.958494;,
  -31.289568;92.019962;4.527959;,
  -22.004555;125.377178;17.320208;,
  -27.953325;110.402355;21.043349;,
  -27.707181;135.569062;15.376493;,
  -23.035248;119.747584;25.344032;,
  -23.882173;125.762112;22.567726;,
  -32.118378;144.156646;12.465282;,
  -31.690589;145.509094;6.348992;,
  -33.479414;145.946125;5.856561;,
  -37.198016;151.347866;-2.903377;,
  -31.554269;137.946867;22.062091;,
  -42.298400;158.812454;-3.065207;,
  -43.271600;158.073101;-0.428136;,
  -46.399766;163.832627;3.473404;,
  -34.434106;166.778675;-2.393284;,
  -48.021462;166.961651;1.729884;,
  -48.897491;170.357530;12.549292;,
  -22.876173;169.934528;-2.190504;,
  -38.628259;172.535053;2.384070;,
  -50.249379;173.956966;12.377959;,
  -46.615082;175.489229;21.643768;,
  -18.866864;173.311654;-2.160928;,
  -39.964890;179.513894;21.313317;,
  -34.378163;171.810381;33.485085;,
  -41.940586;178.473766;12.876275;,
  -27.649488;177.694336;4.304430;,
  -24.683224;179.715930;30.899837;,
  -18.677786;170.867725;35.667248;,
  -27.283248;183.123840;19.313744;,
  -28.021107;181.104858;11.664474;,
  -21.851648;181.476851;5.410507;,
  -21.894787;185.893389;9.733413;,
  -16.194514;181.518848;-4.594556;,
  -17.289498;191.695757;-0.304711;,
  -15.908624;186.444646;-6.650136;,
  -12.067031;178.772467;-11.724994;,
  -12.461711;180.182195;-13.913616;,
  -14.443258;186.799821;-10.990959;,
  -8.124622;177.166490;-17.215098;,
  -15.327242;192.281101;-8.005330;,
  -12.077083;185.398528;-16.086021;,
  -18.566176;193.611418;-15.481866;,
  -14.813254;195.969830;-8.041400;,
  -12.470098;201.612378;0.218159;,
  -11.273111;202.491674;-8.414639;,
  -15.048146;196.201357;5.719031;,
  -7.045384;207.930752;1.986035;,
  -8.798887;202.656192;9.948755;,
  -12.628851;195.932966;16.837645;,
  -4.394258;210.481050;-8.882498;,
  0.000000;216.804634;-14.917366;,
  -3.233428;211.696026;-14.780243;,
  0.000000;213.778445;-0.254072;,
  0.000000;207.143795;8.604863;,
  0.000000;199.122227;18.514838;,
  0.000000;192.001370;26.304456;,
  -12.391970;201.362957;-13.388050;,
  -11.445914;186.464512;25.385347;,
  0.000000;182.538624;34.528822;,
  -22.223683;186.573939;18.713429;,
  -8.700042;175.818995;34.401562;,
  -8.615394;169.449459;38.403290;,
  0.000000;168.809088;37.913939;,
  -12.330560;198.866957;-16.897690;,
  -10.994714;201.007514;-20.758946;,
  -9.313112;208.387789;-16.932355;,
  -12.003843;195.077619;-19.485910;,
  -11.257828;189.575795;-19.174557;,
  -9.765737;191.351526;-24.159374;,
  -8.371678;184.882918;-23.142688;,
  -7.327376;180.152538;-22.509216;,
  -7.070457;187.543834;-26.790470;,
  -5.344091;174.425190;-19.629299;,
  0.000000;172.166784;-17.986611;,
  0.000000;167.682944;-23.043874;,
  -4.142634;168.857920;-23.849051;,
  -5.682388;176.407731;-23.130125;,
  -3.266104;166.336422;-26.831477;,
  0.000000;164.298419;-26.301939;,
  0.000000;164.569037;-28.469789;,
  0.000000;166.657088;-29.759808;,
  -4.120243;170.406387;-25.389451;,
  -2.090162;167.801331;-28.390141;,
  0.000000;168.259034;-28.029942;,
  0.000000;172.014643;-25.969539;,
  -3.564568;172.109926;-26.663165;,
  0.000000;177.484070;-24.320934;,
  -4.107756;176.997158;-24.704486;,
  -5.006007;181.278733;-24.067118;,
  0.000000;181.620134;-23.939661;,
  -5.560456;185.273165;-25.406275;,
  0.000000;186.081498;-23.903536;,
  -6.621272;185.113984;-25.529394;,
  0.000000;188.936794;-25.528578;,
  -4.952208;187.384678;-26.470354;,
  0.000000;189.501619;-28.868224;,
  -4.756032;188.100826;-29.354867;,
  0.000000;189.766362;-34.398061;,
  -7.167669;190.153408;-29.766592;,
  -3.779300;188.500672;-34.583558;,
  0.000000;189.511322;-39.460051;,
  -3.129681;188.032717;-39.805606;,
  0.000000;187.334605;-43.418445;,
  -5.712751;190.302118;-35.314115;,
  -1.587587;187.500992;-43.709149;,
  0.000000;188.518170;-45.127654;,
  -4.854179;189.698970;-40.399731;,
  -2.308627;188.469402;-44.615926;,
  -2.727877;189.200474;-45.533901;,
  0.000000;189.067738;-46.412074;,
  -5.564774;191.956442;-38.816906;,
  -2.199336;192.295104;-47.551203;,
  0.000000;192.672973;-48.910534;,
  0.000000;193.232832;-47.945421;,
  -2.404730;193.321971;-45.216240;,
  0.000000;193.949811;-45.221248;,
  -2.558543;196.032474;-38.066806;,
  0.000000;197.109299;-37.708250;,
  -6.865377;194.146560;-31.910122;,
  -4.910373;198.605824;-31.847786;,
  -7.549645;194.569766;-28.814016;,
  -7.267098;196.895770;-29.299821;,
  -8.471886;196.374387;-26.402389;,
  -8.217054;198.409792;-26.789402;,
  -6.835945;199.385331;-29.685171;,
  -9.851243;204.288243;-23.344613;,
  -6.119665;201.834291;-31.234870;,
  -5.115677;211.415437;-20.935592;,
  0.000000;204.670694;-31.162451;,
  -6.017548;206.499251;-27.002477;,
  0.000000;212.698931;-23.367715;,
  -4.975864;217.669453;-15.339525;,
  0.000000;218.710733;-16.421626;,
  -9.096721;214.358413;-6.220470;,
  0.000000;218.816768;-4.428510;,
  -5.789270;213.442611;-4.084697;,
  0.000000;212.671232;8.836966;,
  -7.949174;210.381606;1.635646;,
  -5.008498;207.188518;8.207466;,
  -5.766918;199.758067;19.631670;,
  0.000000;201.959501;28.273190;,
  57.803802;66.660627;4.873850;,
  62.921491;63.154618;5.498041;,
  62.707757;64.123968;1.686306;,
  68.467603;65.483322;-0.898172;,
  69.322598;63.820166;6.849790;,
  74.381210;68.918246;-2.575604;,
  68.174413;68.159546;-5.035589;,
  75.689920;66.554733;4.481686;,
  69.431213;62.320141;12.893877;,
  76.968250;73.002355;6.221139;,
  75.962650;75.666605;-2.125088;,
  72.822688;80.166202;-0.438446;,
  77.678118;63.727757;14.730080;,
  65.291200;62.264352;12.979734;,
  64.965517;63.090464;9.401598;,
  61.356710;65.274202;12.979086;,
  64.564390;61.521389;10.962950;,
  64.965517;63.090464;9.401598;,
  68.225152;59.198899;10.305046;,
  69.322598;63.820166;6.849790;,
  80.374112;60.646982;15.391416;,
  81.450989;58.493146;10.210082;,
  83.841120;71.966112;19.417170;,
  80.204979;70.998637;18.517403;,
  88.460218;71.644454;14.759618;,
  71.270739;83.036218;11.753406;,
  67.582566;84.918752;6.247084;,
  66.477350;90.519014;9.301043;,
  79.025722;81.455437;21.851558;,
  69.081408;88.394458;15.529328;,
  66.083718;95.997062;12.146191;,
  89.724730;84.111795;20.783443;,
  67.658982;93.668352;19.070397;,
  63.818054;101.862157;14.337669;,
  76.687386;87.652403;23.840400;,
  87.497619;91.592352;21.422683;,
  65.471110;99.724154;21.327792;,
  54.753754;111.879078;17.202874;,
  57.147885;110.525811;25.677827;,
  63.368109;113.689728;34.088000;,
  72.562829;101.534880;26.101814;,
  74.935514;93.763014;25.731501;,
  85.605203;98.797037;21.916981;,
  81.677088;105.644934;22.430949;,
  72.280755;121.667789;33.061962;,
  53.929459;114.317389;28.069392;,
  57.147885;110.525811;25.677827;,
  61.877677;116.473408;35.173427;,
  55.943987;125.342989;37.583299;,
  50.731174;122.190144;29.095920;,
  64.790374;130.775232;33.759450;,
  52.781318;131.666048;35.602058;,
  48.397427;128.177869;27.121114;,
  77.663034;127.174298;25.136965;,
  43.288285;136.036749;30.317216;,
  40.466029;134.002035;24.822888;,
  59.109402;135.558720;30.661498;,
  34.830243;144.328256;24.569338;,
  34.248358;143.051226;21.265322;,
  34.436317;144.900006;21.307776;,
  34.554829;146.002867;25.556357;,
  36.359693;150.840589;28.979117;,
  36.870570;146.729587;28.323638;,
  48.992256;140.085645;33.329168;,
  41.703075;151.033459;30.862019;,
  38.618483;157.464627;33.105574;,
  42.408806;167.398528;31.644902;,
  54.381408;145.062118;30.198912;,
  48.364550;157.357504;28.338906;,
  52.138467;161.163686;21.126387;,
  46.615082;175.489229;21.643768;,
  48.897491;170.357530;12.549292;,
  56.669747;148.668339;23.153298;,
  62.159373;138.113894;24.143000;,
  66.397267;133.841434;26.135998;,
  62.282618;138.164890;18.112610;,
  66.187533;134.572454;17.368211;,
  69.981523;132.842406;21.137520;,
  67.866483;127.069274;13.588883;,
  62.208077;130.695450;13.041991;,
  57.225722;147.677760;17.136733;,
  58.437312;135.044570;11.787577;,
  52.822061;160.842739;14.215341;,
  54.075424;143.201690;9.157349;,
  47.893590;154.717312;5.510104;,
  46.399766;163.832627;3.473404;,
  43.271600;158.073101;-0.428136;,
  37.198016;151.347866;-2.903377;,
  40.933581;146.240627;1.372483;,
  33.479414;145.946125;5.856561;,
  46.809008;136.782643;4.860335;,
  32.118378;144.156646;12.465282;,
  31.690589;145.509094;6.348992;,
  34.055741;144.582336;16.081210;,
  35.343808;140.908979;7.810467;,
  34.248358;143.051226;21.265322;,
  34.436317;144.900006;21.307776;,
  34.294298;141.979315;16.470032;,
  40.466029;134.002035;24.822888;,
  41.675888;134.069530;10.071470;,
  40.408490;133.843814;19.055664;,
  46.369587;127.715482;19.600800;,
  48.397427;128.177869;27.121114;,
  50.437725;129.275712;10.388410;,
  50.731174;122.190144;29.095920;,
  53.255421;124.500339;12.678806;,
  48.387546;122.066394;18.868990;,
  51.551168;115.152243;17.744274;,
  53.929459;114.317389;28.069392;,
  55.522701;118.708365;10.206704;,
  54.753754;111.879078;17.202874;,
  57.147885;110.525811;25.677827;,
  57.859629;116.097114;8.960573;,
  69.898419;123.690240;11.974066;,
  77.587859;110.436749;9.326932;,
  57.859629;116.097114;8.960573;,
  63.818054;101.862157;14.337669;,
  54.753754;111.879078;17.202874;,
  65.861216;106.145402;8.117968;,
  66.083718;95.997062;12.146191;,
  84.786374;108.357555;17.397181;,
  68.052742;100.650464;5.789121;,
  80.153395;102.519942;5.613156;,
  88.559667;100.042541;14.874442;,
  68.335053;96.128102;2.216486;,
  66.477350;90.519014;9.301043;,
  79.320832;98.252685;1.318489;,
  84.348256;97.279885;2.115078;,
  90.451341;92.492966;11.158783;,
  85.389549;90.716832;-1.443362;,
  92.607181;84.487923;7.054995;,
  76.520787;93.155981;-3.036543;,
  89.560928;73.979411;5.156532;,
  86.450682;76.816032;-2.548331;,
  80.017587;80.304109;-4.455536;,
  79.280851;64.948806;-5.598819;,
  80.535654;61.086381;2.155983;,
  68.282483;60.506150;2.738486;,
  62.921491;63.154618;5.498041;,
  68.467603;65.483322;-0.898172;,
  62.528461;62.373376;3.265638;,
  57.803802;66.660627;4.873850;,
  62.707757;64.123968;1.686306;,
  65.909318;62.256691;-5.726862;,
  62.040934;64.172294;-2.464611;,
  76.376237;68.609664;-7.297898;,
  61.748198;63.609645;-4.750268;,
  57.083027;67.796115;-2.266572;,
  62.053389;65.625114;-5.796363;,
  62.040934;64.172294;-2.464611;,
  66.983789;65.997472;-6.566204;,
  68.174413;68.159546;-5.035589;,
  68.467603;65.483322;-0.898172;,
  75.491098;70.554445;-6.458716;,
  74.381210;68.918246;-2.575604;,
  75.962650;75.666605;-2.125088;,
  76.569574;79.711021;-5.912688;,
  72.822688;80.166202;-0.438446;,
  70.978912;80.918189;-3.913132;,
  73.242586;82.654131;-6.719472;,
  70.116371;78.781062;-7.768502;,
  67.162016;72.138586;-11.906193;,
  67.644134;74.206624;-8.555710;,
  71.568717;79.270490;-9.910902;,
  71.371066;88.570842;-7.513535;,
  68.922240;81.598630;-12.421674;,
  66.045242;74.748429;-13.398582;,
  65.025274;69.163008;-12.239366;,
  65.601843;82.236550;-10.370255;,
  63.854214;69.681856;-13.258523;,
  60.946720;64.915610;-10.955706;,
  62.559930;70.466810;-12.676186;,
  65.025274;69.163008;-12.239366;,
  63.687776;74.153126;-12.565358;,
  67.162016;72.138586;-11.906193;,
  67.927078;88.390483;-5.368081;,
  63.356326;73.128685;-10.265082;,
  68.100275;91.391091;-1.408592;,
  67.582566;84.918752;6.247084;,
  67.905152;83.528819;-3.014180;,
  72.822688;80.166202;-0.438446;,
  70.978912;80.918189;-3.913132;,
  66.870842;80.091238;-7.593930;,
  70.116371;78.781062;-7.768502;,
  67.644134;74.206624;-8.555710;,
  64.641786;75.678874;-8.687022;,
  66.052224;71.887930;-9.947386;,
  -9.430082;184.241306;-23.036891;,
  -12.086605;191.592742;-20.627685;,
  -12.761839;186.871667;-19.185558;,
  -9.808413;192.914611;-24.795626;,
  -13.533776;197.938509;-19.363634;,
  -11.415243;200.562611;-23.782534;,
  -15.658101;201.001331;-15.632211;,
  -13.815454;206.506074;-18.275610;,
  -18.415206;211.033843;-8.176705;,
  -19.182859;204.321651;-6.194950;,
  -22.036960;219.751885;7.431207;,
  -21.879984;207.091366;10.011991;,
  -21.313904;211.731405;22.412781;,
  -21.136470;229.440102;23.373477;,
  -19.087997;220.938419;29.989888;,
  -16.382438;239.592883;35.920422;,
  21.136470;229.440102;23.373477;,
  19.087997;220.938419;29.989888;,
  16.382438;239.592883;35.920422;,
  21.313904;211.731405;22.412781;,
  22.036960;219.751885;7.431207;,
  21.879984;207.091366;10.011991;,
  19.182859;204.321651;-6.194950;,
  18.415206;211.033843;-8.176705;,
  15.658101;201.001331;-15.632211;,
  13.815454;206.506074;-18.275610;,
  11.415243;200.562611;-23.782534;,
  13.533776;197.938509;-19.363634;,
  9.808413;192.914611;-24.795626;,
  12.086605;191.592742;-20.627685;,
  9.430082;184.241306;-23.036891;,
  12.761839;186.871667;-19.185558;,
  0.000000;167.898163;-11.006162;,
  -7.225207;171.303590;-11.083070;,
  0.000000;169.750387;-10.784429;,
  0.000000;172.469376;-14.795459;,
  7.225207;171.303590;-11.083070;,
  9.657990;167.912051;-10.712610;,
  0.000000;162.022272;-15.593672;,
  5.606437;174.197632;-16.018323;,
  11.724914;162.810765;-11.885151;,
  0.000000;151.016858;-16.468752;,
  12.450138;175.968371;-6.984223;,
  13.831592;152.717043;-12.406030;,
  12.067031;178.772467;-11.724994;,
  17.314373;141.547712;-11.151536;,
  0.000000;140.596109;-16.073806;,
  0.000000;131.241549;-9.441760;,
  23.377962;155.823514;-8.390773;,
  15.214115;169.359206;-7.021671;,
  17.919170;164.934195;-7.935293;,
  28.475648;144.935014;-6.095890;,
  30.687891;159.370957;-4.739286;,
  22.876173;169.934528;-2.190504;,
  18.866864;173.311654;-2.160928;,
  16.194514;181.518848;-4.594556;,
  21.851648;181.476851;5.410507;,
  15.908624;186.444646;-6.650136;,
  17.289498;191.695757;-0.304711;,
  12.461711;180.182195;-13.913616;,
  15.327242;192.281101;-8.005330;,
  14.443258;186.799821;-10.990959;,
  8.124622;177.166490;-17.215098;,
  12.077083;185.398528;-16.086021;,
  18.566176;193.611418;-15.481866;,
  5.344091;174.425190;-19.629299;,
  0.000000;172.166784;-17.986611;,
  0.000000;167.682944;-23.043874;,
  7.327376;180.152538;-22.509216;,
  4.142634;168.857920;-23.849051;,
  5.682388;176.407731;-23.130125;,
  3.266104;166.336422;-26.831477;,
  0.000000;164.298419;-26.301939;,
  0.000000;164.569037;-28.469789;,
  0.000000;166.657088;-29.759808;,
  4.120243;170.406387;-25.389451;,
  2.090162;167.801331;-28.390141;,
  0.000000;168.259034;-28.029942;,
  0.000000;172.014643;-25.969539;,
  3.564568;172.109926;-26.663165;,
  0.000000;177.484070;-24.320934;,
  4.107756;176.997158;-24.704486;,
  5.006007;181.278733;-24.067118;,
  0.000000;181.620134;-23.939661;,
  8.371678;184.882918;-23.142688;,
  5.560456;185.273165;-25.406275;,
  0.000000;186.081498;-23.903536;,
  0.000000;188.936794;-25.528578;,
  6.621272;185.113984;-25.529394;,
  4.952208;187.384678;-26.470354;,
  0.000000;189.501619;-28.868224;,
  7.070457;187.543834;-26.790470;,
  4.756032;188.100826;-29.354867;,
  0.000000;189.766362;-34.398061;,
  3.779300;188.500672;-34.583558;,
  0.000000;189.511322;-39.460051;,
  7.167669;190.153408;-29.766592;,
  3.129681;188.032717;-39.805606;,
  0.000000;187.334605;-43.418445;,
  5.712751;190.302118;-35.314115;,
  1.587587;187.500992;-43.709149;,
  0.000000;188.518170;-45.127654;,
  4.854179;189.698970;-40.399731;,
  2.308627;188.469402;-44.615926;,
  2.727877;189.200474;-45.533901;,
  0.000000;189.067738;-46.412074;,
  5.564774;191.956442;-38.816906;,
  2.199336;192.295104;-47.551203;,
  0.000000;192.672973;-48.910534;,
  0.000000;193.232832;-47.945421;,
  2.404730;193.321971;-45.216240;,
  0.000000;193.949811;-45.221248;,
  2.558543;196.032474;-38.066806;,
  0.000000;197.109299;-37.708250;,
  6.865377;194.146560;-31.910122;,
  4.910373;198.605824;-31.847786;,
  6.119665;201.834291;-31.234870;,
  0.000000;204.670694;-31.162451;,
  7.267098;196.895770;-29.299821;,
  6.017548;206.499251;-27.002477;,
  0.000000;212.698931;-23.367715;,
  6.835945;199.385331;-29.685171;,
  9.851243;204.288243;-23.344613;,
  5.115677;211.415437;-20.935592;,
  4.975864;217.669453;-15.339525;,
  0.000000;218.710733;-16.421626;,
  9.313112;208.387789;-16.932355;,
  9.096721;214.358413;-6.220470;,
  0.000000;218.816768;-4.428510;,
  5.789270;213.442611;-4.084697;,
  0.000000;212.671232;8.836966;,
  7.949174;210.381606;1.635646;,
  5.008498;207.188518;8.207466;,
  5.766918;199.758067;19.631670;,
  0.000000;201.959501;28.273190;,
  10.994714;201.007514;-20.758946;,
  12.391970;201.362957;-13.388050;,
  8.217054;198.409792;-26.789402;,
  12.330560;198.866957;-16.897690;,
  8.471886;196.374387;-26.402389;,
  7.549645;194.569766;-28.814016;,
  9.765737;191.351526;-24.159374;,
  12.003843;195.077619;-19.485910;,
  11.257828;189.575795;-19.174557;,
  11.273111;202.491674;-8.414639;,
  14.813254;195.969830;-8.041400;,
  12.470098;201.612378;0.218159;,
  7.045384;207.930752;1.986035;,
  4.394258;210.481050;-8.882498;,
  0.000000;216.804634;-14.917366;,
  3.233428;211.696026;-14.780243;,
  0.000000;213.778445;-0.254072;,
  0.000000;207.143795;8.604863;,
  8.798887;202.656192;9.948755;,
  0.000000;199.122227;18.514838;,
  15.048146;196.201357;5.719031;,
  12.628851;195.932966;16.837645;,
  0.000000;192.001370;26.304456;,
  21.894787;185.893389;9.733413;,
  11.445914;186.464512;25.385347;,
  0.000000;182.538624;34.528822;,
  22.223683;186.573939;18.713429;,
  8.615394;169.449459;38.403290;,
  0.000000;168.809088;37.913939;,
  8.700042;175.818995;34.401562;,
  18.677786;170.867725;35.667248;,
  24.683224;179.715930;30.899837;,
  34.378163;171.810381;33.485085;,
  27.283248;183.123840;19.313744;,
  39.964890;179.513894;21.313317;,
  46.615082;175.489229;21.643768;,
  28.021107;181.104858;11.664474;,
  41.940586;178.473766;12.876275;,
  50.249379;173.956966;12.377959;,
  48.897491;170.357530;12.549292;,
  27.649488;177.694336;4.304430;,
  38.628259;172.535053;2.384070;,
  48.021462;166.961651;1.729884;,
  46.399766;163.832627;3.473404;,
  34.434106;166.778675;-2.393284;,
  42.298400;158.812454;-3.065207;,
  43.271600;158.073101;-0.428136;,
  37.198016;151.347866;-2.903377;,
  32.630346;147.805171;-2.879621;,
  33.479414;145.946125;5.856561;,
  31.690589;145.509094;6.348992;,
  26.493563;140.833190;-1.903561;,
  32.118378;144.156646;12.465282;,
  19.838389;134.419814;-6.641349;,
  27.707181;135.569062;15.376493;,
  13.597645;128.350643;-2.673929;,
  0.000000;129.617818;-6.030933;,
  23.199840;133.461990;3.210873;,
  9.810305;122.734029;1.856549;,
  0.000000;122.847347;-0.226516;,
  18.466581;123.517965;7.925522;,
  6.242616;116.413875;1.212388;,
  0.000000;116.946522;-0.003599;,
  12.517750;114.370573;3.647571;,
  8.873804;106.702835;-1.667009;,
  0.000000;108.847616;-5.344386;,
  0.000000;101.248365;-8.022332;,
  18.713878;115.213517;7.874356;,
  9.957315;93.442170;-4.395156;,
  0.000000;90.294598;-5.970372;,
  15.134782;108.368064;0.655309;,
  7.856450;81.505350;-5.437190;,
  0.000000;79.758950;-4.889682;,
  14.129109;87.241728;-1.405142;,
  19.744806;96.692154;-0.580700;,
  21.571715;108.747942;6.209934;,
  28.554874;92.929850;2.113581;,
  22.102856;117.015693;14.556875;,
  26.638685;109.678618;13.958494;,
  31.289568;92.019962;4.527959;,
  22.004555;125.377178;17.320208;,
  27.953325;110.402355;21.043349;,
  23.882173;125.762112;22.567726;,
  23.035248;119.747584;25.344032;,
  31.554269;137.946867;22.062091;,
  34.232822;92.738406;12.912978;,
  33.182896;142.300787;19.704030;,
  34.055741;144.582336;16.081210;,
  34.436317;144.900006;21.307776;,
  33.196662;144.461094;26.741757;,
  34.554829;146.002867;25.556357;,
  36.359693;150.840589;28.979117;,
  29.589782;140.366618;29.889808;,
  20.918342;128.478861;30.568406;,
  28.632976;151.655962;34.807674;,
  38.618483;157.464627;33.105574;,
  21.265867;139.019674;34.654726;,
  31.430349;163.764058;35.957152;,
  42.408806;167.398528;31.644902;,
  34.378163;171.810381;33.485085;,
  46.615082;175.489229;21.643768;,
  18.677786;170.867725;35.667248;,
  12.222406;158.333222;38.739459;,
  8.615394;169.449459;38.403290;,
  0.000000;160.235418;38.038650;,
  0.000000;168.809088;37.913939;,
  10.633572;141.852646;39.127686;,
  0.000000;143.042765;37.633226;,
  0.000000;133.854848;37.063158;,
  11.581258;131.908160;36.667626;,
  0.000000;126.675341;37.999171;,
  13.165491;124.401242;35.902262;,
  0.000000;121.484762;39.943587;,
  19.507416;122.091264;32.607536;,
  15.067362;117.796493;37.111562;,
  0.000000;115.810163;41.941958;,
  9.907533;114.649126;39.211885;,
  15.654710;111.262720;37.957133;,
  19.935002;115.108557;32.822426;,
  20.450598;103.965280;35.265008;,
  24.988766;111.066893;27.694778;,
  26.259038;95.868845;29.051488;,
  31.602304;95.223782;21.905931;,
  29.086806;84.695398;31.486074;,
  36.399933;83.999994;22.888018;,
  34.013795;68.668032;34.116675;,
  43.323312;68.281626;24.207803;,
  39.071974;84.405606;11.944430;,
