xof 0303txt 0032
template ColorRGBA {
 <35ff44e0-6c7c-11cf-8f52-0040333594a3>
 FLOAT red;
 FLOAT green;
 FLOAT blue;
 FLOAT alpha;
}

template ColorRGB {
 <d3e16e81-7835-11cf-8f52-0040333594a3>
 FLOAT red;
 FLOAT green;
 FLOAT blue;
}

template Material {
 <3d82ab4d-62da-11cf-ab39-0020af71e433>
 ColorRGBA faceColor;
 FLOAT power;
 ColorRGB specularColor;
 ColorRGB emissiveColor;
 [...]
}

template TextureFilename {
 <a42790e1-7810-11cf-8f52-0040333594a3>
 STRING filename;
}

template Frame {
 <3d82ab46-62da-11cf-ab39-0020af71e433>
 [...]
}

template Matrix4x4 {
 <f6f23f45-7686-11cf-8f52-0040333594a3>
 array FLOAT matrix[16];
}

template FrameTransformMatrix {
 <f6f23f41-7686-11cf-8f52-0040333594a3>
 Matrix4x4 frameMatrix;
}

template Vector {
 <3d82ab5e-62da-11cf-ab39-0020af71e433>
 FLOAT x;
 FLOAT y;
 FLOAT z;
}

template MeshFace {
 <3d82ab5f-62da-11cf-ab39-0020af71e433>
 DWORD nFaceVertexIndices;
 array DWORD faceVertexIndices[nFaceVertexIndices];
}

template Mesh {
 <3d82ab44-62da-11cf-ab39-0020af71e433>
 DWORD nVertices;
 array Vector vertices[nVertices];
 DWORD nFaces;
 array MeshFace faces[nFaces];
 [...]
}

template MeshNormals {
 <f6f23f43-7686-11cf-8f52-0040333594a3>
 DWORD nNormals;
 array Vector normals[nNormals];
 DWORD nFaceNormals;
 array MeshFace faceNormals[nFaceNormals];
}

template MeshMaterialList {
 <f6f23f42-7686-11cf-8f52-0040333594a3>
 DWORD nMaterials;
 DWORD nFaceIndexes;
 array DWORD faceIndexes[nFaceIndexes];
 [Material <3d82ab4d-62da-11cf-ab39-0020af71e433>]
}

template Coords2d {
 <f6f23f44-7686-11cf-8f52-0040333594a3>
 FLOAT u;
 FLOAT v;
}

template MeshTextureCoords {
 <f6f23f40-7686-11cf-8f52-0040333594a3>
 DWORD nTextureCoords;
 array Coords2d textureCoords[nTextureCoords];
}

template XSkinMeshHeader {
 <3cf169ce-ff7c-44ab-93c0-f78f62d172e2>
 WORD nMaxSkinWeightsPerVertex;
 WORD nMaxSkinWeightsPerFace;
 WORD nBones;
}

template SkinWeights {
 <6f0d123b-bad2-4167-a0d0-80224f25fabb>
 STRING transformNodeName;
 DWORD nWeights;
 array DWORD vertexIndices[nWeights];
 array FLOAT weights[nWeights];
 Matrix4x4 matrixOffset;
}

template AnimTicksPerSecond {
 <9e415a43-7ba6-4a73-8743-b73d47e88476>
 DWORD AnimTicksPerSecond;
}

template Animation {
 <3d82ab4f-62da-11cf-ab39-0020af71e433>
 [...]
}

template AnimationSet {
 <3d82ab50-62da-11cf-ab39-0020af71e433>
 [Animation <3d82ab4f-62da-11cf-ab39-0020af71e433>]
}

template FloatKeys {
 <10dd46a9-775b-11cf-8f52-0040333594a3>
 DWORD nValues;
 array FLOAT values[nValues];
}

template TimedFloatKeys {
 <f406b180-7b3b-11cf-8f52-0040333594a3>
 DWORD time;
 FloatKeys tfkeys;
}

template AnimationKey {
 <10dd46a8-775b-11cf-8f52-0040333594a3>
 DWORD keyType;
 DWORD nKeys;
 array TimedFloatKeys keys[nKeys];
}


Material m_yaksawarrior01 {
 1.000000;1.000000;1.000000;1.000000;;
 10.000000;
 0.000000;0.000000;0.000000;;
 0.000000;0.000000;0.000000;;

 TextureFilename {
  "t_yaksawarrior_df.tga";
 }
}

Frame bip001-l-toe0 {
 

 FrameTransformMatrix {
  -0.199898,-0.002530,-0.979814,0.000000,-0.979812,-0.002689,0.199904,0.000000,-0.003141,0.999994,-0.001941,0.000000,59.942848,-0.548563,-48.843488,1.000000;;
 }
}

Frame bip01 {
 

 FrameTransformMatrix {
  -0.123229,-0.056626,-0.990761,0.000000,-0.074049,0.996112,-0.047722,0.000000,0.989612,0.067484,-0.126943,0.000000,-0.000476,57.992422,9.483879,1.000000;;
 }

 Frame bip01-pelvis {
  

  FrameTransformMatrix {
   0.000001,1.000000,0.000000,0.000000,-0.000001,-0.000000,1.000000,0.000000,1.000000,-0.000001,0.000001,0.000000,-0.000545,0.000000,-0.000000,1.000000;;
  }

  Frame bip01-l-thigh {
   

   FrameTransformMatrix {
    -0.629698,0.529265,0.568647,0.000000,-0.349280,-0.846731,0.401311,0.000000,0.693890,0.054087,0.718047,0.000000,-0.000053,30.628163,0.000044,1.000000;;
   }

   Frame bip01-l-calf {
    

    FrameTransformMatrix {
     0.486864,0.000000,-0.873477,0.000000,0.000000,1.000000,0.000000,0.000000,0.873478,-0.000000,0.486865,0.000000,26.853507,-0.000015,0.000000,1.000000;;
    }

    Frame bip01-l-foot {
     

     FrameTransformMatrix {
      0.870602,0.435800,0.228322,0.000000,-0.454845,0.889848,0.035886,0.000000,-0.187533,-0.135093,0.972924,0.000000,29.425456,-0.000008,-0.000004,1.000000;;
     }

     Frame bip01-l-toe0 {
      

      FrameTransformMatrix {
       0.000767,-0.001480,0.999999,0.000000,0.009318,0.999956,0.001473,0.000000,-0.999957,0.009317,0.000781,0.000000,17.705584,-0.000046,19.704712,1.000000;;
      }
     }
    }
   }
  }

  Frame bip01-r-thigh {
   

   FrameTransformMatrix {
    -0.557794,-0.747795,0.360094,0.000000,0.615902,-0.663762,-0.424364,0.000000,0.556354,-0.014925,0.830811,0.000000,0.000038,-30.628157,-0.000040,1.000000;;
   }

   Frame bip01-r-calf {
    

    FrameTransformMatrix {
     0.438420,0.000000,-0.898771,0.000000,-0.000000,1.000000,0.000000,0.000000,0.898771,0.000000,0.438420,0.000000,26.853510,-0.000004,0.000002,1.000000;;
    }

    Frame bip01-r-foot {
     

     FrameTransformMatrix {
      0.734800,-0.584113,0.344791,0.000000,0.484248,0.807703,0.336333,0.000000,-0.474945,-0.080173,0.876356,0.000000,29.425446,-0.000011,-0.000002,1.000000;;
     }

     Frame bip01-r-toe0 {
      

      FrameTransformMatrix {
       -0.001632,0.001196,0.999998,0.000000,0.016921,0.999856,-0.001168,0.000000,-0.999855,0.016919,-0.001652,0.000000,17.705586,-0.000126,19.704709,1.000000;;
      }
     }
    }
   }
  }

  Frame bone_pelvis_cover_l1 {
   

   FrameTransformMatrix {
    -0.537370,0.789042,0.297735,0.000000,-0.042810,0.327063,-0.944033,0.000000,-0.842259,-0.520041,-0.141975,0.000000,18.540672,31.067014,0.791072,1.000000;;
   }
  }

  Frame bip01-spine0 {
   

   FrameTransformMatrix {
    1.000000,0.000000,0.000000,0.000000,0.000000,1.000000,0.000000,0.000000,0.000000,0.000000,1.000000,0.000000,0.000004,0.000004,-0.000001,1.000000;;
   }

   Frame bip01-spine {
    

    FrameTransformMatrix {
     0.993788,0.090084,-0.065350,0.000000,-0.092221,0.995273,-0.030444,0.000000,0.062299,0.036281,0.997398,0.000000,4.023754,-0.001682,1.882862,1.000000;;
    }

    Frame bip01-spine1 {
     

     FrameTransformMatrix {
      0.989271,-0.006366,-0.145954,0.000000,0.019185,0.996059,0.086591,0.000000,0.144827,-0.088462,0.985495,0.000000,2.791378,0.003381,-0.037669,1.000000;;
     }

     Frame bip01-spine2 {
      

      FrameTransformMatrix {
       0.991305,-0.005545,-0.131470,0.000000,0.017208,0.995995,0.087739,0.000000,0.130457,-0.089238,0.987430,0.000000,48.000502,0.002556,-0.028338,1.000000;;
      }

      Frame bip01-neck {
       

       FrameTransformMatrix {
        0.829426,0.059255,0.555465,0.000000,0.172897,0.918301,-0.356133,0.000000,-0.531186,0.391424,0.751418,0.000000,33.261680,-0.003036,5.247667,1.000000;;
       }

       Frame bip01-head {
        

        FrameTransformMatrix {
         0.944720,0.127297,-0.302159,0.000000,-0.067635,0.977396,0.200305,0.000000,0.320827,-0.168795,0.931975,0.000000,11.033386,-0.000002,0.344120,1.000000;;
        }
       }

       Frame bip01-l-clavicle {
        

        FrameTransformMatrix {
         -0.011907,0.977493,0.210635,0.000000,0.830482,0.126990,-0.542378,0.000000,-0.556919,0.168470,-0.813302,0.000000,0.437775,9.559843,2.750095,1.000000;;
        }

        Frame bip01-l-upperarm {
         

         FrameTransformMatrix {
          0.852125,-0.507452,0.127968,0.000000,0.507271,0.740765,-0.440389,0.000000,0.128682,0.440181,0.888640,0.000000,31.063523,-0.000015,0.000000,1.000000;;
         }

         Frame bip01-l-forearm {
          

          FrameTransformMatrix {
           0.499659,0.000000,-0.866222,0.000000,0.000000,1.000000,0.000000,0.000000,0.866222,-0.000000,0.499659,0.000000,39.637539,-0.000015,0.000000,1.000000;;
          }

          Frame bip01-l-hand {
           

           FrameTransformMatrix {
            0.998674,-0.051473,0.000512,0.000000,-0.003669,-0.061250,0.998116,0.000000,-0.051345,-0.996794,-0.061358,0.000000,42.219856,-0.000015,-0.000008,1.000000;;
           }

           Frame bip01-l-finger0 {
            

            FrameTransformMatrix {
             0.799105,-0.064534,0.597718,0.000000,0.401733,-0.682338,-0.610758,0.000000,0.447260,0.728183,-0.519334,0.000000,8.056919,-15.943562,8.899170,1.000000;;
            }
           }

           Frame bip01-l-finger1 {
            

            FrameTransformMatrix {
             0.286448,-0.071930,0.955392,0.000000,-0.178307,0.975755,0.126923,0.000000,-0.941358,-0.206710,0.266677,0.000000,23.629842,-0.857384,-4.624817,1.000000;;
            }
           }
          }
         }
        }
       }

       Frame bip01-r-clavicle {
        

        FrameTransformMatrix {
         -0.007903,-0.842207,-0.539096,0.000000,-0.837631,-0.288886,0.463594,0.000000,-0.546180,0.455227,-0.703176,0.000000,-0.732834,-8.582423,-4.982964,1.000000;;
        }

        Frame bip01-r-upperarm {
         

         FrameTransformMatrix {
          0.553315,0.748161,-0.366194,0.000000,-0.746837,0.640276,0.179668,0.000000,0.368887,0.174074,0.913029,0.000000,31.063520,0.000000,0.000000,1.000000;;
         }

         Frame bip01-r-forearm {
          

          FrameTransformMatrix {
           0.126655,0.000000,-0.991947,0.000000,-0.000000,1.000000,0.000000,0.000000,0.991947,0.000000,0.126655,0.000000,39.637539,0.000000,0.000000,1.000000;;
          }

          Frame bip01-r-hand {
           

           FrameTransformMatrix {
            0.767877,-0.050561,-0.638599,0.000000,-0.638614,-0.138799,-0.756906,0.000000,-0.050367,0.989029,-0.138870,0.000000,42.219872,0.000000,0.000011,1.000000;;
           }

           Frame bip01-r-finger0 {
            

            FrameTransformMatrix {
             0.769166,-0.282029,0.573448,0.000000,-0.594642,-0.644529,0.480606,0.000000,0.234060,-0.710663,-0.663457,0.000000,8.056946,15.943565,8.899170,1.000000;;
            }
           }

           Frame bip01-r-finger1 {
            

            FrameTransformMatrix {
             -0.136415,0.104525,0.985122,0.000000,0.017418,0.994518,-0.103110,0.000000,-0.990498,0.003093,-0.137487,0.000000,23.629883,0.857384,-4.624832,1.000000;;
            }
           }

           Frame hand_r {
            

            FrameTransformMatrix {
             -1.000000,0.000345,-0.000345,0.000000,-0.000345,0.000000,1.000000,0.000000,0.000345,1.000000,0.000000,0.000000,6.739945,77.735507,2.580963,1.000000;;
            }
           }
          }
         }
        }
       }
      }
     }
    }
   }
  }

  Frame bone_pelvis_cover_r1 {
   

   FrameTransformMatrix {
    -0.537368,-0.789045,0.297730,0.000000,-0.042809,-0.327058,-0.944034,0.000000,0.842261,-0.520039,0.141972,0.000000,18.540763,-30.932973,0.790915,1.000000;;
   }
  }
 }
}

Frame yaksawarrior01 {
 

 FrameTransformMatrix {
  1.000000,0.000000,0.000000,0.000000,0.000000,1.000000,0.000000,0.000000,0.000000,0.000000,1.000000,0.000000,0.000000,0.000000,0.000000,1.000000;;
 }

 Mesh yaksawarrior01 {
  1440;
  108.122547;79.845978;-23.022053;,
  107.166682;73.509664;-26.957101;,
  107.500096;80.709837;-26.370280;,
  -107.166682;73.509664;-26.957101;,
  -108.122547;79.845978;-23.022053;,
  -107.500096;80.709837;-26.370280;,
  34.535987;0.686920;9.099085;,
  47.493546;0.406952;15.993608;,
  38.641171;0.145546;14.570485;,
  36.841674;0.474960;-1.065794;,
  54.377914;-0.114609;11.843332;,
  43.360669;0.675842;-10.602306;,
  61.311104;-0.389076;-0.323547;,
  69.324026;0.738632;-11.896691;,
  46.756928;-0.145607;-24.082373;,
  70.542106;0.815689;-26.886138;,
  60.058746;-0.148552;-34.498483;,
  67.712294;0.619438;-35.009718;,
  -60.058746;-0.148552;-34.498483;,
  -70.542106;0.815689;-26.886138;,
  -67.712294;0.619438;-35.009718;,
  -46.756928;-0.145607;-24.082373;,
  -69.324026;0.738632;-11.896691;,
  -43.360669;0.675842;-10.602306;,
  -61.311104;-0.389076;-0.323547;,
  -54.377914;-0.114609;11.843332;,
  -36.841674;0.474960;-1.065794;,
  -47.493546;0.406952;15.993608;,
  -34.535987;0.686920;9.099085;,
  -38.641171;0.145546;14.570485;,
  -83.862970;138.383757;-1.438238;,
  -86.939187;138.057651;-21.652098;,
  -84.532173;140.686630;-22.125250;,
  -87.771002;135.019200;-1.438238;,
  -90.697792;137.002803;-21.332114;,
  -92.857107;135.944077;-1.438238;,
  -93.471680;137.515955;-21.222902;,
  -94.954016;140.050458;-1.438238;,
  -95.109210;141.007219;-21.441947;,
  -94.075859;143.817203;-22.114186;,
  -93.912019;143.629338;-1.438238;,
  -90.566880;145.847014;-22.258347;,
  -90.274579;145.491674;-1.438238;,
  -85.521370;145.620877;-22.437016;,
  -85.468518;144.783002;-1.438238;,
  -78.021120;145.162458;-14.031446;,
  -78.301504;143.562138;-23.300398;,
  -81.499834;145.068698;-1.438238;,
  -63.611949;144.681395;-28.922755;,
  -59.430195;163.101606;-1.438238;,
  -63.295923;146.000691;-24.348542;,
  -52.376445;148.236698;-31.234822;,
  -43.394112;154.729472;-24.131670;,
  -42.577763;154.826970;-28.965776;,
  -35.604563;165.131968;-12.749494;,
  -33.762173;168.086694;-1.438238;,
  -32.375562;165.052198;-23.133109;,
  -28.462090;171.534387;-1.438238;,
  -28.634624;171.371366;-21.790210;,
  -25.877157;175.481907;-1.438238;,
  -26.037750;175.460851;-21.743434;,
  -22.123749;176.762995;-1.438238;,
  -22.277840;177.296269;-21.982168;,
  -19.412107;175.046387;-1.438238;,
  -19.545866;176.915930;-21.492334;,
  -17.446453;172.926746;-22.051301;,
  -17.075275;171.567450;-1.438238;,
  -18.630582;169.840448;-22.284627;,
  -19.564299;166.991846;-1.438238;,
  -22.442642;168.205414;-22.187368;,
  -24.596229;166.136691;-1.438238;,
  -25.764555;167.642547;-22.347613;,
  -24.596229;166.136691;-1.438238;,
  -22.442642;168.205427;19.310885;,
  -25.764555;167.642598;19.471128;,
  -19.564299;166.991846;-1.438238;,
  -18.630582;169.840474;19.408152;,
  -17.075275;171.567450;-1.438238;,
  -17.446440;172.926746;19.174822;,
  -19.412107;175.046387;-1.438238;,
  -19.545866;176.915930;18.615858;,
  -22.277840;177.296269;19.105688;,
  -22.123749;176.762995;-1.438238;,
  -26.037744;175.460877;18.866957;,
  -25.877157;175.481907;-1.438238;,
  -28.634624;171.371405;18.913736;,
  -28.462090;171.534387;-1.438238;,
  -35.604563;165.131968;9.873018;,
  -33.762173;168.086694;-1.438238;,
  -32.375562;165.052198;20.256632;,
  -42.577754;154.826970;26.089296;,
  -59.430195;163.101606;-1.438238;,
  -43.394112;154.729498;21.255202;,
  -52.376435;148.236723;28.358346;,
  -63.295923;146.000717;21.472070;,
  -63.611949;144.681421;26.046286;,
  -78.021120;145.162496;11.154970;,
  -81.499834;145.068698;-1.438238;,
  -78.301504;143.562138;20.423925;,
  -85.468518;144.783002;-1.438238;,
  -85.521370;145.620915;19.560533;,
  -90.274579;145.491674;-1.438238;,
  -90.566880;145.847066;19.381872;,
  -93.912019;143.629338;-1.438238;,
  -94.075834;143.817203;19.237710;,
  -94.954016;140.050458;-1.438238;,
  -95.109210;141.007219;18.565466;,
  -93.471680;137.515981;18.346424;,
  -92.857107;135.944077;-1.438238;,
  -90.697792;137.002803;18.455637;,
  -87.771002;135.019200;-1.438238;,
  -86.939187;138.057664;18.775619;,
  -83.862970;138.383757;-1.438238;,
  -84.532186;140.686656;19.248773;,
  -143.383603;118.520986;-13.182732;,
  -148.483366;76.532621;-10.054356;,
  -143.470182;76.667379;-13.182730;,
  -148.508787;118.383936;-9.316808;,
  -153.492826;76.584352;-13.182728;,
  -153.634048;118.500147;-13.182730;,
  -139.454259;120.036006;-16.408155;,
  -136.873139;163.161254;-13.182732;,
  -139.454259;120.036006;-13.182732;,
  -136.873139;163.161254;-16.787261;,
  -130.884915;209.724275;-13.182736;,
  -130.884915;209.724275;-17.631155;,
  -127.929971;224.237056;-13.182738;,
  -127.929971;224.237056;-18.112379;,
  -117.891302;255.906483;-13.182741;,
  -117.891302;255.906483;-19.179062;,
  -120.724787;267.406003;-13.182743;,
  -120.724787;267.406003;-18.298216;,
  -121.871962;284.238720;-15.613754;,
  -121.871962;284.238720;-13.182743;,
  -120.732736;299.806029;-13.182745;,
  -120.732736;299.806029;-13.182745;,
  -121.871962;284.238720;-10.751738;,
  -121.871962;284.238720;-13.182743;,
  -120.724787;267.406003;-13.182743;,
  -120.724787;267.406003;-8.067262;,
  -117.891302;255.906483;-7.186425;,
  -117.891302;255.906483;-13.182741;,
  -127.929971;224.237056;-8.253100;,
  -127.929971;224.237056;-13.182738;,
  -130.884915;209.724275;-8.734316;,
  -130.884915;209.724275;-13.182736;,
  -136.873114;163.161254;-9.578204;,
  -136.873139;163.161254;-13.182732;,
  -139.454259;120.036006;-9.957309;,
  -139.454259;120.036006;-13.182732;,
  -158.564557;120.038182;-13.182729;,
  -136.873152;163.161254;-16.787261;,
  -139.454234;120.035994;-16.408155;,
  -159.364467;164.664256;-13.182727;,
  -130.884915;209.724275;-17.631155;,
  -157.184525;221.914394;-13.182734;,
  -127.929984;224.237056;-18.112379;,
  -154.982682;239.376845;-13.182734;,
  -149.784832;262.575078;-13.182738;,
  -117.891302;255.906483;-19.179062;,
  -120.724787;267.406003;-18.298216;,
  -141.517133;278.760550;-13.182740;,
  -121.871962;284.238720;-15.613754;,
  -132.615398;289.560858;-13.182741;,
  -120.732736;299.806029;-13.182745;,
  -132.615398;289.560858;-13.182741;,
  -121.871962;284.238720;-10.751738;,
  -120.732736;299.806029;-13.182745;,
  -141.517133;278.760550;-13.182740;,
  -120.724787;267.406003;-8.067262;,
  -149.784832;262.575078;-13.182738;,
  -117.891302;255.906483;-7.186424;,
  -127.929984;224.237056;-8.253100;,
  -154.982682;239.376845;-13.182734;,
  -157.184525;221.914394;-13.182734;,
  -130.884915;209.724275;-8.734316;,
  -159.364467;164.664256;-13.182727;,
  -136.873126;163.161254;-9.578204;,
  -158.564557;120.038182;-13.182729;,
  -139.454234;120.035994;-9.957309;,
  22.442642;168.205414;-22.187368;,
  25.764555;167.642547;-22.347613;,
  24.596229;166.136691;-1.438238;,
  19.564299;166.991846;-1.438238;,
  18.630582;169.840448;-22.284627;,
  17.075275;171.567450;-1.438238;,
  17.446453;172.926746;-22.051301;,
  19.412107;175.046387;-1.438238;,
  19.545866;176.915930;-21.492334;,
  22.277840;177.296269;-21.982168;,
  22.123749;176.762995;-1.438238;,
  26.037750;175.460851;-21.743434;,
  25.877157;175.481907;-1.438238;,
  28.634624;171.371366;-21.790210;,
  28.462090;171.534387;-1.438238;,
  35.604563;165.131968;-12.749494;,
  33.762173;168.086694;-1.438238;,
  32.375562;165.052198;-23.133109;,
  42.577763;154.826970;-28.965776;,
  59.430195;163.101606;-1.438238;,
  43.394112;154.729472;-24.131670;,
  52.376445;148.236698;-31.234822;,
  63.295923;146.000691;-24.348542;,
  63.611949;144.681395;-28.922755;,
  78.021120;145.162458;-14.031446;,
  81.499834;145.068698;-1.438238;,
  78.301504;143.562138;-23.300398;,
  85.468518;144.783002;-1.438238;,
  85.521370;145.620877;-22.437016;,
  90.274579;145.491674;-1.438238;,
  90.566880;145.847014;-22.258347;,
  93.912019;143.629338;-1.438238;,
  94.075859;143.817203;-22.114186;,
  94.954016;140.050458;-1.438238;,
  95.109210;141.007219;-21.441947;,
  93.471680;137.515955;-21.222902;,
  92.857107;135.944077;-1.438238;,
  90.697792;137.002803;-21.332114;,
  87.771002;135.019200;-1.438238;,
  86.939187;138.057651;-21.652098;,
  83.862970;138.383757;-1.438238;,
  84.532173;140.686630;-22.125250;,
  24.596229;166.136691;-1.438238;,
  25.764555;167.642598;19.471128;,
  22.442642;168.205427;19.310885;,
  19.564299;166.991846;-1.438238;,
  18.630582;169.840474;19.408152;,
  17.075275;171.567450;-1.438238;,
  17.446440;172.926746;19.174822;,
  19.412107;175.046387;-1.438238;,
  19.545866;176.915930;18.615858;,
  22.277840;177.296269;19.105688;,
  22.123749;176.762995;-1.438238;,
  26.037744;175.460877;18.866957;,
  25.877157;175.481907;-1.438238;,
  28.634624;171.371405;18.913736;,
  28.462090;171.534387;-1.438238;,
  35.604563;165.131968;9.873018;,
  32.375562;165.052198;20.256632;,
  33.762173;168.086694;-1.438238;,
  42.577754;154.826970;26.089296;,
  59.430195;163.101606;-1.438238;,
  43.394112;154.729498;21.255202;,
  52.376435;148.236723;28.358346;,
  63.295923;146.000717;21.472070;,
  63.611949;144.681421;26.046286;,
  78.021120;145.162496;11.154970;,
  81.499834;145.068698;-1.438238;,
  78.301504;143.562138;20.423925;,
  85.468518;144.783002;-1.438238;,
  85.521370;145.620915;19.560533;,
  90.274579;145.491674;-1.438238;,
  90.566880;145.847066;19.381872;,
  93.912019;143.629338;-1.438238;,
  94.075834;143.817203;19.237710;,
  94.954016;140.050458;-1.438238;,
  95.109210;141.007219;18.565466;,
  93.471680;137.515981;18.346424;,
  92.857107;135.944077;-1.438238;,
  90.697792;137.002803;18.455637;,
  87.771002;135.019200;-1.438238;,
  86.939187;138.057664;18.775619;,
  83.862970;138.383757;-1.438238;,
  84.532186;140.686656;19.248773;,
  -148.483366;76.532621;-16.311098;,
  -143.383603;118.520986;-13.182732;,
  -143.470182;76.667379;-13.182730;,
  -148.508787;118.383936;-17.048656;,
  -153.492826;76.584352;-13.182728;,
  -153.634048;118.500147;-13.182730;,
  7.991001;188.673766;9.582869;,
  0.000000;192.833408;3.045528;,
  0.000000;186.856602;12.438017;,
  11.589648;192.800640;3.058153;,
  7.982778;197.009434;-3.498127;,
  0.000000;199.081728;-6.622255;,
  22.277840;177.296269;-21.982168;,
  17.446453;172.926746;-22.051301;,
  19.545866;176.915930;-21.492334;,
  18.630582;169.840448;-22.284627;,
  22.442642;168.205414;-22.187368;,
  26.037750;175.460851;-21.743434;,
  28.634624;171.371366;-21.790210;,
  25.764555;167.642547;-22.347613;,
  32.375562;165.052198;-23.133109;,
  29.612544;161.945510;-23.515269;,
  42.577763;154.826970;-28.965776;,
  40.210326;151.117491;-28.685469;,
  52.376445;148.236698;-31.234822;,
  50.256550;143.773990;-31.279190;,
  62.340384;140.393126;-28.952374;,
  63.611949;144.681395;-28.922755;,
  77.521542;139.326221;-23.534970;,
  78.301504;143.562138;-23.300398;,
  84.532173;140.686630;-22.125250;,
  85.521370;145.620877;-22.437016;,
  86.939187;138.057651;-21.652098;,
  90.566880;145.847014;-22.258347;,
  94.075859;143.817203;-22.114186;,
  90.697792;137.002803;-21.332114;,
  93.471680;137.515955;-21.222902;,
  95.109210;141.007219;-21.441947;,
  29.612544;161.945510;-23.515269;,
  24.596229;166.136691;-1.438238;,
  25.764555;167.642547;-22.347613;,
  25.146672;160.489306;-1.438238;,
  32.939786;152.489178;-19.579018;,
  40.210326;151.117491;-28.685469;,
  47.340323;137.691648;-1.438238;,
  48.556362;139.766950;-26.549424;,
  50.256550;143.773990;-31.279190;,
  62.340384;140.393126;-28.952374;,
  68.314842;135.822541;-19.467064;,
  78.761990;134.830720;-1.438238;,
  77.521542;139.326221;-23.534970;,
  83.862970;138.383757;-1.438238;,
  84.532173;140.686630;-22.125250;,
  17.446440;172.926746;19.174822;,
  22.277840;177.296269;19.105688;,
  19.545866;176.915930;18.615858;,
  18.630582;169.840474;19.408152;,
  22.442642;168.205427;19.310885;,
  26.037744;175.460877;18.866957;,
  28.634624;171.371405;18.913736;,
  25.764555;167.642598;19.471128;,
  32.375562;165.052198;20.256632;,
  29.612544;161.945510;20.638792;,
  42.577754;154.826970;26.089296;,
  40.210326;151.117491;25.809000;,
  52.376435;148.236723;28.358346;,
  50.256550;143.773990;28.402726;,
  62.340384;140.393126;26.075899;,
  63.611949;144.681421;26.046286;,
  77.521542;139.326221;20.658499;,
  78.301504;143.562138;20.423925;,
  84.532186;140.686656;19.248773;,
  85.521370;145.620915;19.560533;,
  86.939187;138.057664;18.775619;,
  90.566880;145.847066;19.381872;,
  94.075834;143.817203;19.237710;,
  90.697792;137.002803;18.455637;,
  93.471680;137.515981;18.346424;,
  95.109210;141.007219;18.565466;,
  24.596229;166.136691;-1.438238;,
  29.612544;161.945510;20.638792;,
  25.764555;167.642598;19.471128;,
  25.146672;160.489306;-1.438238;,
  32.939786;152.489190;16.702541;,
  40.210326;151.117491;25.809000;,
  47.340323;137.691648;-1.438238;,
  48.556362;139.766963;23.672949;,
  50.256550;143.773990;28.402726;,
  62.340384;140.393126;26.075899;,
  68.314842;135.822541;16.590587;,
  78.761990;134.830720;-1.438238;,
  77.521542;139.326221;20.658499;,
  83.862970;138.383757;-1.438238;,
  84.532186;140.686656;19.248773;,
  -7.991001;188.673766;9.582869;,
  0.000000;186.856602;12.438017;,
  0.000000;192.833408;3.045528;,
  -11.589648;192.800640;3.058153;,
  -7.982778;197.009434;-3.498127;,
  0.000000;199.081728;-6.622255;,
  -17.446453;172.926746;-22.051301;,
  -22.277840;177.296269;-21.982168;,
  -19.545866;176.915930;-21.492334;,
  -18.630582;169.840448;-22.284627;,
  -22.442642;168.205414;-22.187368;,
  -26.037750;175.460851;-21.743434;,
  -28.634624;171.371366;-21.790210;,
  -25.764555;167.642547;-22.347613;,
  -32.375562;165.052198;-23.133109;,
  -29.612544;161.945510;-23.515269;,
  -42.577763;154.826970;-28.965776;,
  -40.210326;151.117491;-28.685469;,
  -52.376445;148.236698;-31.234822;,
  -50.256550;143.773990;-31.279190;,
  -62.340384;140.393126;-28.952374;,
  -63.611949;144.681395;-28.922755;,
  -77.521542;139.326221;-23.534970;,
  -78.301504;143.562138;-23.300398;,
  -84.532173;140.686630;-22.125250;,
  -85.521370;145.620877;-22.437016;,
  -86.939187;138.057651;-21.652098;,
  -90.566880;145.847014;-22.258347;,
  -94.075859;143.817203;-22.114186;,
  -90.697792;137.002803;-21.332114;,
  -93.471680;137.515955;-21.222902;,
  -95.109210;141.007219;-21.441947;,
  -29.612544;161.945510;-23.515269;,
  -25.764555;167.642547;-22.347613;,
  -24.596229;166.136691;-1.438238;,
  -25.146672;160.489306;-1.438238;,
  -32.939786;152.489178;-19.579018;,
  -40.210326;151.117491;-28.685469;,
  -47.340323;137.691648;-1.438238;,
  -48.556362;139.766950;-26.549424;,
  -50.256550;143.773990;-31.279190;,
  -62.340384;140.393126;-28.952374;,
  -68.314842;135.822541;-19.467064;,
  -78.761990;134.830720;-1.438238;,
  -77.521542;139.326221;-23.534970;,
  -83.862970;138.383757;-1.438238;,
  -84.532173;140.686630;-22.125250;,
  -22.277840;177.296269;19.105688;,
  -17.446440;172.926746;19.174822;,
  -19.545866;176.915930;18.615858;,
  -18.630582;169.840474;19.408152;,
  -22.442642;168.205427;19.310885;,
  -26.037744;175.460877;18.866957;,
  -28.634624;171.371405;18.913736;,
  -25.764555;167.642598;19.471128;,
  -32.375562;165.052198;20.256632;,
  -29.612544;161.945510;20.638792;,
  -42.577754;154.826970;26.089296;,
  -40.210326;151.117491;25.809000;,
  -52.376435;148.236723;28.358346;,
  -50.256550;143.773990;28.402726;,
  -62.340384;140.393126;26.075899;,
  -63.611949;144.681421;26.046286;,
  -77.521542;139.326221;20.658499;,
  -78.301504;143.562138;20.423925;,
  -84.532186;140.686656;19.248773;,
  -85.521370;145.620915;19.560533;,
  -86.939187;138.057664;18.775619;,
  -90.566880;145.847066;19.381872;,
  -94.075834;143.817203;19.237710;,
  -90.697792;137.002803;18.455637;,
  -93.471680;137.515981;18.346424;,
  -95.109210;141.007219;18.565466;,
  -24.596229;166.136691;-1.438238;,
  -25.764555;167.642598;19.471128;,
  -29.612544;161.945510;20.638792;,
  -25.146672;160.489306;-1.438238;,
  -32.939786;152.489190;16.702541;,
  -40.210326;151.117491;25.809000;,
  -47.340323;137.691648;-1.438238;,
  -48.556362;139.766963;23.672949;,
  -50.256550;143.773990;28.402726;,
  -62.340384;140.393126;26.075899;,
  -68.314842;135.822541;16.590587;,
  -78.761990;134.830720;-1.438238;,
  -77.521542;139.326221;20.658499;,
  -83.862970;138.383757;-1.438238;,
  -84.532186;140.686656;19.248773;,
  0.000000;43.316806;-15.171714;,
  9.548228;41.574646;-0.609867;,
  0.000000;41.801955;0.426989;,
  10.906099;45.946496;-14.806210;,
  0.000000;57.992339;-28.285478;,
  19.008382;39.406432;-0.828934;,
  27.400163;61.588736;-25.617006;,
  22.565814;45.210624;-17.251709;,
  25.897061;35.833251;-3.030413;,
  34.835882;54.376467;-25.508939;,
  44.224224;65.953536;-16.195134;,
  30.887360;40.770141;-19.260707;,
  26.959523;32.042061;-5.785421;,
  50.970867;56.958797;-22.931557;,
  32.592563;33.057059;-20.252323;,
  30.178941;22.544373;-5.302362;,
  42.639232;46.471837;-33.023933;,
  49.583014;37.173203;-35.755546;,
  37.181533;20.098534;-19.137341;,
  47.602954;28.984781;-30.340163;,
  60.991456;41.526211;-32.095405;,
  57.086752;31.813888;-27.059360;,
  48.213277;20.336594;-21.261392;,
  41.489197;16.757821;-12.965536;,
  37.577581;17.946174;-5.460406;,
  32.342694;11.603500;-4.943650;,
  37.831626;11.610962;-17.500178;,
  48.955322;12.216766;-22.540763;,
  48.365021;16.961166;-14.886237;,
  55.733574;18.487830;-11.148926;,
  61.051072;12.720253;-17.341349;,
  65.766278;14.589462;-6.720994;,
  57.444314;21.998085;-17.020875;,
  60.211014;20.148048;-5.284556;,
  64.880339;34.529504;-8.574270;,
  64.689638;24.899437;-6.985015;,
  57.284915;22.262374;6.879331;,
  58.713414;18.444512;13.383644;,
  60.851501;28.542192;7.134502;,
  49.413920;22.548454;11.620873;,
  48.577306;18.788834;17.945051;,
  39.612317;17.024979;13.956251;,
  53.481510;29.534608;12.298197;,
  62.642035;41.933606;0.168191;,
  40.685578;21.219574;8.943590;,
  33.236240;14.599968;5.486580;,
  39.296989;27.567498;12.465849;,
  51.848061;39.325270;11.133568;,
  35.149510;19.550461;2.406551;,
  37.577581;17.946174;-5.460406;,
  32.342694;11.603500;-4.943650;,
  30.830742;25.030883;5.208658;,
  30.178941;22.544373;-5.302362;,
  26.959523;32.042061;-5.785421;,
  37.480995;36.393363;11.950653;,
  28.795226;34.242758;4.964064;,
  25.897061;35.833251;-3.030413;,
  29.851344;36.389990;2.724670;,
  19.008382;39.406432;-0.828934;,
  49.068915;42.650262;8.514642;,
  37.198086;38.913770;9.842174;,
  22.095163;42.845197;11.244852;,
  9.548228;41.574646;-0.609867;,
  0.000000;47.750627;19.239710;,
  0.000000;41.801955;0.426989;,
  9.822550;45.578797;18.836294;,
  0.000000;51.444659;28.934074;,
  28.891594;46.794502;20.778467;,
  14.256402;49.889901;30.742742;,
  0.000000;58.606592;34.312611;,
  31.578723;61.881197;28.208976;,
  38.771286;53.438736;22.300696;,
  50.846954;59.019968;11.943474;,
  43.574358;66.310086;15.604245;,
  59.758310;47.746723;4.441542;,
  55.751110;59.056627;-4.536746;,
  48.859674;67.673037;-2.038609;,
  63.091091;50.197091;-6.520944;,
  56.205427;49.944358;-29.964752;,
  66.312013;43.257274;-10.054376;,
  3.523906;189.864781;5.956133;,
  0.000000;191.119885;10.575909;,
  0.024530;189.044634;8.269819;,
  5.437038;193.076173;7.891706;,
  0.000000;197.174694;11.427990;,
  3.630200;193.734067;0.032164;,
  3.510572;199.456282;7.621838;,
  0.000000;200.942298;9.382835;,
  0.000000;202.621030;5.375424;,
  5.453977;197.820608;1.902401;,
  0.000000;196.039526;-2.443142;,
  0.000000;200.404147;-0.777977;,
  37.084154;9.494957;-3.196632;,
  43.360669;0.675842;-10.602306;,
  36.841674;0.474960;-1.065794;,
  43.587510;8.774910;-12.191277;,
  38.332822;18.684341;-5.453076;,
  46.756928;-0.145607;-24.082373;,
  42.306147;17.639466;-11.882920;,
  48.788208;5.915947;-23.906147;,
  52.263398;12.864311;-13.569490;,
  49.992182;18.087539;-12.526783;,
  56.716922;19.370560;-7.197090;,
  57.370227;3.630036;-31.030086;,
  60.058746;-0.148552;-34.498483;,
  67.712294;0.619438;-35.009718;,
  56.990285;9.570244;-20.261550;,
  64.777766;4.324150;-31.391466;,
  69.057882;4.689957;-23.614235;,
  70.542106;0.815689;-26.886138;,
  69.324026;0.738632;-11.896691;,
  65.873133;6.786194;-14.252870;,
  59.499731;8.957482;-3.591668;,
  61.311104;-0.389076;-0.323547;,
  54.377914;-0.114609;11.843332;,
  54.572429;9.865761;8.108295;,
  56.030157;21.405221;5.294518;,
  48.898893;21.933938;10.126226;,
  47.233158;10.653434;13.430171;,
  47.493546;0.406952;15.993608;,
  39.839005;10.817513;12.341414;,
  41.538310;21.299446;8.615769;,
  38.641171;0.145546;14.570485;,
  37.634022;19.915154;2.150782;,
  34.535987;0.686920;9.099085;,
  37.084154;9.494957;-3.196632;,
  38.332822;18.684341;-5.453076;,
  35.654227;10.501098;7.025108;,
  36.841674;0.474960;-1.065794;,
  9.486134;145.322880;-20.355635;,
  0.000000;139.357824;-27.945488;,
  0.000000;146.712550;-20.915861;,
  12.818223;138.980723;-28.472848;,
  0.000000;126.981235;-41.064954;,
  16.672528;150.208666;-14.248587;,
  13.490112;126.197018;-40.251264;,
  0.000000;115.393472;-43.822310;,
  24.749019;150.589453;-12.957200;,
  17.635677;154.402355;-4.891671;,
  21.481334;159.178739;5.006678;,
  33.465232;150.964352;-11.577586;,
  32.201290;157.561856;0.778641;,
  27.499568;137.804659;-24.415152;,
  37.544400;134.054349;-22.297872;,
  28.113258;126.412083;-33.245923;,
  14.154891;112.444531;-43.969152;,
  -0.000000;99.265549;-52.361248;,
  29.443805;114.031565;-37.218298;,
  40.202163;118.785766;-23.297898;,
  41.351018;123.169024;-19.552904;,
  14.364350;99.723616;-50.005763;,
  0.000000;82.095430;-56.266707;,
  30.118218;102.224218;-38.357050;,
  39.347088;105.825773;-25.798989;,
  44.552771;112.696448;-2.992898;,
  42.910672;118.260314;-1.602681;,
  40.241267;120.159744;14.606304;,
  43.008829;87.229888;-25.149582;,
  38.957549;116.279936;16.664627;,
  35.064880;133.924352;23.412184;,
  45.796291;106.006701;-3.442748;,
  41.756144;106.134989;15.820581;,
  49.952166;90.589907;-4.078453;,
  30.919901;81.714662;-39.183632;,
  28.890189;67.141158;-33.678643;,
  16.197587;76.695846;-50.430202;,
  42.503786;70.297888;-17.471526;,
  6.570196;78.397184;-54.271565;,
  0.000000;77.984787;-58.456064;,
  0.000000;75.930266;-57.867270;,
  5.783811;75.221114;-54.017926;,
  0.000000;73.672966;-54.696294;,
  0.000000;69.096422;-53.187802;,
  0.000000;61.940762;-44.381181;,
  27.400163;61.588736;-25.617006;,
  0.000000;57.992339;-28.285478;,
  44.224224;65.953536;-16.195134;,
  46.299763;72.512179;-1.776408;,
  48.859674;67.673037;-2.038609;,
  46.266605;89.753274;16.958635;,
  43.872848;74.453408;16.673106;,
  43.574358;66.310086;15.604245;,
  29.234205;87.735526;31.389632;,
  28.949798;71.737286;32.459510;,
  31.578723;61.881197;28.208976;,
  0.000000;58.606592;34.312611;,
  0.000000;68.180282;38.672646;,
  0.000000;85.057952;37.712349;,
  20.139080;104.436774;27.594419;,
  0.000000;103.825715;29.122227;,
  17.233040;117.955674;26.254202;,
  0.000000;118.077030;27.804774;,
  28.604099;132.140774;24.592355;,
  14.073837;131.571584;28.346003;,
  0.000000;132.103898;29.065331;,
  24.629912;150.812685;19.562414;,
  31.997840;149.143706;18.769483;,
  32.201290;157.561856;0.778641;,
  21.481334;159.178739;5.006678;,
  14.705766;160.121754;14.866451;,
  12.016264;153.702067;22.161966;,
  0.000000;160.581542;17.764187;,
  0.000000;154.444608;23.094061;,
  -9.548228;41.574646;-0.609867;,
  0.000000;43.316806;-15.171714;,
  0.000000;41.801955;0.426989;,
  -10.906099;45.946496;-14.806210;,
  0.000000;57.992339;-28.285478;,
  -19.008382;39.406432;-0.828934;,
  -27.400163;61.588736;-25.617006;,
  -22.565814;45.210624;-17.251709;,
  -25.897061;35.833251;-3.030413;,
  -34.835882;54.376467;-25.508939;,
  -44.224224;65.953536;-16.195134;,
  -30.887360;40.770141;-19.260707;,
  -26.959523;32.042061;-5.785421;,
  -50.970867;56.958797;-22.931557;,
  -32.592563;33.057059;-20.252323;,
  -30.178941;22.544373;-5.302362;,
  -42.639232;46.471837;-33.023933;,
  -49.583014;37.173203;-35.755546;,
  -37.181533;20.098534;-19.137341;,
  -47.602954;28.984781;-30.340163;,
  -60.991456;41.526211;-32.095405;,
  -57.086752;31.813888;-27.059360;,
  -48.213277;20.336594;-21.261392;,
  -41.489197;16.757821;-12.965536;,
  -37.577581;17.946174;-5.460406;,
  -32.342694;11.603500;-4.943650;,
  -37.831626;11.610962;-17.500178;,
  -48.955322;12.216766;-22.540763;,
  -48.365021;16.961166;-14.886237;,
  -55.733574;18.487830;-11.148926;,
  -61.051072;12.720253;-17.341349;,
  -65.766278;14.589462;-6.720994;,
  -57.444314;21.998085;-17.020875;,
  -60.211014;20.148048;-5.284556;,
  -64.880339;34.529504;-8.574270;,
  -64.689638;24.899437;-6.985015;,
  -57.284915;22.262374;6.879331;,
  -58.713414;18.444512;13.383644;,
  -60.851501;28.542192;7.134502;,
  -49.413920;22.548454;11.620873;,
  -48.577306;18.788834;17.945051;,
  -39.612317;17.024979;13.956251;,
  -53.481510;29.534608;12.298197;,
  -40.685578;21.219574;8.943590;,
  -33.236240;14.599968;5.486580;,
  -39.296989;27.567498;12.465849;,
  -62.642035;41.933606;0.168191;,
  -51.848061;39.325270;11.133568;,
  -66.312013;43.257274;-10.054376;,
  -49.068915;42.650262;8.514642;,
  -56.205427;49.944358;-29.964752;,
  -59.758310;47.746723;4.441542;,
  -63.091091;50.197091;-6.520944;,
  -55.751110;59.056627;-4.536746;,
  -48.859674;67.673037;-2.038609;,
  -43.574358;66.310086;15.604245;,
  -50.846954;59.019968;11.943474;,
  -31.578723;61.881197;28.208976;,
  -38.771286;53.438736;22.300696;,
  -14.256402;49.889901;30.742742;,
  0.000000;58.606592;34.312611;,
  0.000000;51.444659;28.934074;,
  -37.198086;38.913770;9.842174;,
  -9.822550;45.578797;18.836294;,
  0.000000;47.750627;19.239710;,
  -28.891594;46.794502;20.778467;,
  -9.548228;41.574646;-0.609867;,
  0.000000;41.801955;0.426989;,
  -22.095163;42.845197;11.244852;,
  -19.008382;39.406432;-0.828934;,
  -29.851344;36.389990;2.724670;,
  -25.897061;35.833251;-3.030413;,
  -37.480995;36.393363;11.950653;,
  -28.795226;34.242758;4.964064;,
  -26.959523;32.042061;-5.785421;,
  -30.830742;25.030883;5.208658;,
  -30.178941;22.544373;-5.302362;,
  -37.577581;17.946174;-5.460406;,
  -35.149510;19.550461;2.406551;,
  -32.342694;11.603500;-4.943650;,
  0.000000;191.119885;10.575909;,
  -3.523906;189.864781;5.956133;,
  -0.024530;189.044634;8.269819;,
  -5.437038;193.076173;7.891706;,
  -3.630200;193.734067;0.032164;,
  0.000000;197.174694;11.427990;,
  -5.453977;197.820608;1.902401;,
  0.000000;196.039526;-2.443142;,
  0.000000;200.404147;-0.777977;,
  0.000000;202.621030;5.375424;,
  -3.510572;199.456282;7.621838;,
  0.000000;200.942298;9.382835;,
  -43.360669;0.675842;-10.602306;,
  -37.084154;9.494957;-3.196632;,
  -36.841674;0.474960;-1.065794;,
  -43.587510;8.774910;-12.191277;,
  -38.332822;18.684341;-5.453076;,
  -46.756928;-0.145607;-24.082373;,
  -42.306147;17.639466;-11.882920;,
  -48.788208;5.915947;-23.906147;,
  -52.263398;12.864311;-13.569490;,
  -49.992182;18.087539;-12.526783;,
  -56.716922;19.370560;-7.197090;,
  -57.370227;3.630036;-31.030086;,
  -60.058746;-0.148552;-34.498483;,
  -67.712294;0.619438;-35.009718;,
  -56.990285;9.570244;-20.261550;,
  -64.777766;4.324150;-31.391466;,
  -69.057882;4.689957;-23.614235;,
  -70.542106;0.815689;-26.886138;,
  -69.324026;0.738632;-11.896691;,
  -65.873133;6.786194;-14.252870;,
  -59.499731;8.957482;-3.591668;,
  -61.311104;-0.389076;-0.323547;,
  -54.377914;-0.114609;11.843332;,
  -54.572429;9.865761;8.108295;,
  -56.030157;21.405221;5.294518;,
  -48.898893;21.933938;10.126226;,
  -47.233158;10.653434;13.430171;,
  -47.493546;0.406952;15.993608;,
  -39.839005;10.817513;12.341414;,
  -41.538310;21.299446;8.615769;,
  -38.641171;0.145546;14.570485;,
  -37.634022;19.915154;2.150782;,
  -34.535987;0.686920;9.099085;,
  -37.084154;9.494957;-3.196632;,
  -38.332822;18.684341;-5.453076;,
  -35.654227;10.501098;7.025108;,
  -36.841674;0.474960;-1.065794;,
  0.000000;139.357824;-27.945488;,
  -9.486134;145.322880;-20.355635;,
  0.000000;146.712550;-20.915861;,
  -12.818223;138.980723;-28.472848;,
  -16.672528;150.208666;-14.248587;,
  0.000000;126.981235;-41.064954;,
  -24.749019;150.589453;-12.957200;,
  -17.635677;154.402355;-4.891671;,
  -21.481334;159.178739;5.006678;,
  -13.490112;126.197018;-40.251264;,
  0.000000;115.393472;-43.822310;,
  -33.465232;150.964352;-11.577586;,
  -32.201290;157.561856;0.778641;,
  -27.499568;137.804659;-24.415152;,
  -37.544400;134.054349;-22.297872;,
  -28.113258;126.412083;-33.245923;,
  -14.154891;112.444531;-43.969152;,
  -0.000000;99.265549;-52.361248;,
  -29.443805;114.031565;-37.218298;,
  -40.202163;118.785766;-23.297898;,
  -41.351018;123.169024;-19.552904;,
  -30.118218;102.224218;-38.357050;,
  -44.552771;112.696448;-2.992898;,
  -42.910672;118.260314;-1.602681;,
  -39.347088;105.825773;-25.798989;,
  -40.241267;120.159744;14.606304;,
  -14.364350;99.723616;-50.005763;,
  0.000000;82.095430;-56.266707;,
  -38.957549;116.279936;16.664627;,
  -35.064880;133.924352;23.412184;,
  -6.570196;78.397184;-54.271565;,
  0.000000;77.984787;-58.456064;,
  0.000000;75.930266;-57.867270;,
  -5.783811;75.221114;-54.017926;,
  0.000000;73.672966;-54.696294;,
  0.000000;69.096422;-53.187802;,
  -16.197587;76.695846;-50.430202;,
  0.000000;61.940762;-44.381181;,
  -30.919901;81.714662;-39.183632;,
  -28.890189;67.141158;-33.678643;,
  -27.400163;61.588736;-25.617006;,
  0.000000;57.992339;-28.285478;,
  -43.008829;87.229888;-25.149582;,
