xof 0303txt 0032
template ColorRGBA {
 <35ff44e0-6c7c-11cf-8f52-0040333594a3>
 FLOAT red;
 FLOAT green;
 FLOAT blue;
 FLOAT alpha;
}

template ColorRGB {
 <d3e16e81-7835-11cf-8f52-0040333594a3>
 FLOAT red;
 FLOAT green;
 FLOAT blue;
}

template Material {
 <3d82ab4d-62da-11cf-ab39-0020af71e433>
 ColorRGBA faceColor;
 FLOAT power;
 ColorRGB specularColor;
 ColorRGB emissiveColor;
 [...]
}

template TextureFilename {
 <a42790e1-7810-11cf-8f52-0040333594a3>
 STRING filename;
}

template Frame {
 <3d82ab46-62da-11cf-ab39-0020af71e433>
 [...]
}

template Matrix4x4 {
 <f6f23f45-7686-11cf-8f52-0040333594a3>
 array FLOAT matrix[16];
}

template FrameTransformMatrix {
 <f6f23f41-7686-11cf-8f52-0040333594a3>
 Matrix4x4 frameMatrix;
}

template Vector {
 <3d82ab5e-62da-11cf-ab39-0020af71e433>
 FLOAT x;
 FLOAT y;
 FLOAT z;
}

template MeshFace {
 <3d82ab5f-62da-11cf-ab39-0020af71e433>
 DWORD nFaceVertexIndices;
 array DWORD faceVertexIndices[nFaceVertexIndices];
}

template Mesh {
 <3d82ab44-62da-11cf-ab39-0020af71e433>
 DWORD nVertices;
 array Vector vertices[nVertices];
 DWORD nFaces;
 array MeshFace faces[nFaces];
 [...]
}

template MeshNormals {
 <f6f23f43-7686-11cf-8f52-0040333594a3>
 DWORD nNormals;
 array Vector normals[nNormals];
 DWORD nFaceNormals;
 array MeshFace faceNormals[nFaceNormals];
}

template MeshMaterialList {
 <f6f23f42-7686-11cf-8f52-0040333594a3>
 DWORD nMaterials;
 DWORD nFaceIndexes;
 array DWORD faceIndexes[nFaceIndexes];
 [Material <3d82ab4d-62da-11cf-ab39-0020af71e433>]
}

template Coords2d {
 <f6f23f44-7686-11cf-8f52-0040333594a3>
 FLOAT u;
 FLOAT v;
}

template MeshTextureCoords {
 <f6f23f40-7686-11cf-8f52-0040333594a3>
 DWORD nTextureCoords;
 array Coords2d textureCoords[nTextureCoords];
}

template XSkinMeshHeader {
 <3cf169ce-ff7c-44ab-93c0-f78f62d172e2>
 WORD nMaxSkinWeightsPerVertex;
 WORD nMaxSkinWeightsPerFace;
 WORD nBones;
}

template SkinWeights {
 <6f0d123b-bad2-4167-a0d0-80224f25fabb>
 STRING transformNodeName;
 DWORD nWeights;
 array DWORD vertexIndices[nWeights];
 array FLOAT weights[nWeights];
 Matrix4x4 matrixOffset;
}

template AnimTicksPerSecond {
 <9e415a43-7ba6-4a73-8743-b73d47e88476>
 DWORD AnimTicksPerSecond;
}

template Animation {
 <3d82ab4f-62da-11cf-ab39-0020af71e433>
 [...]
}

template AnimationSet {
 <3d82ab50-62da-11cf-ab39-0020af71e433>
 [Animation <3d82ab4f-62da-11cf-ab39-0020af71e433>]
}

template FloatKeys {
 <10dd46a9-775b-11cf-8f52-0040333594a3>
 DWORD nValues;
 array FLOAT values[nValues];
}

template TimedFloatKeys {
 <f406b180-7b3b-11cf-8f52-0040333594a3>
 DWORD time;
 FloatKeys tfkeys;
}

template AnimationKey {
 <10dd46a8-775b-11cf-8f52-0040333594a3>
 DWORD keyType;
 DWORD nKeys;
 array TimedFloatKeys keys[nKeys];
}


Material m_orcforeman01 {
 1.000000;1.000000;1.000000;1.000000;;
 10.000000;
 0.000000;0.000000;0.000000;;
 0.000000;0.000000;0.000000;;

 TextureFilename {
  "t_orcforeman01_df.tga";
 }
}

Frame bip01 {
 

 FrameTransformMatrix {
  0.000002,0.000000,-1.000000,0.000000,-0.000000,1.000000,-0.000000,0.000000,1.000000,0.000000,0.000002,0.000000,0.000000,70.334950,11.682901,1.000000;;
 }

 Frame bip01-pelvis {
  

  FrameTransformMatrix {
   0.000001,1.000000,0.000000,0.000000,-0.000001,-0.000000,1.000000,0.000000,1.000000,-0.000001,0.000001,0.000000,0.000000,0.000000,0.000000,1.000000;;
  }

  Frame bip01-l-thigh {
   

   FrameTransformMatrix {
    -0.859299,0.261527,0.439555,0.000000,-0.163237,-0.954675,0.248897,0.000000,0.484725,0.142125,0.863043,0.000000,0.000031,22.967717,0.000029,1.000000;;
   }

   Frame bip01-l-calf {
    

    FrameTransformMatrix {
     0.286961,0.000000,-0.957942,0.000000,-0.000000,1.000000,-0.000000,0.000000,0.957942,0.000000,0.286961,0.000000,37.490992,0.000008,0.000015,1.000000;;
    }

    Frame bip01-l-foot {
     

     FrameTransformMatrix {
      0.710924,0.163237,0.684061,0.000000,-0.206324,0.978299,-0.019023,0.000000,-0.672322,-0.127615,0.729176,0.000000,31.424611,-0.000011,0.000004,1.000000;;
     }

     Frame bip01-l-toe0 {
      

      FrameTransformMatrix {
       -0.000001,0.035677,0.999364,0.000000,0.000002,0.999364,-0.035677,0.000000,-1.000000,0.000002,-0.000001,0.000000,15.744850,0.644295,18.048363,1.000000;;
      }
     }
    }
   }
  }

  Frame bip01-r-thigh {
   

   FrameTransformMatrix {
    -0.859300,-0.261525,0.439555,0.000000,0.163234,-0.954675,-0.248899,0.000000,0.484725,-0.142128,0.863042,0.000000,-0.000031,-22.967717,-0.000023,1.000000;;
   }

   Frame bip01-r-calf {
    

    FrameTransformMatrix {
     0.286961,0.000000,-0.957942,0.000000,0.000000,1.000000,0.000001,0.000000,0.957942,-0.000000,0.286961,0.000000,37.490986,-0.000008,0.000000,1.000000;;
    }

    Frame bip01-r-foot {
     

     FrameTransformMatrix {
      0.710924,-0.163234,0.684062,0.000000,0.169914,0.983741,0.058159,0.000000,-0.682434,0.074885,0.727101,0.000000,31.424627,-0.000004,-0.000008,1.000000;;
     }

     Frame bip01-r-toe0 {
      

      FrameTransformMatrix {
       0.000000,0.018053,0.999837,0.000000,0.000001,0.999837,-0.018053,0.000000,-1.000000,0.000001,0.000000,0.000000,15.744858,0.326019,18.056896,1.000000;;
      }
     }
    }
   }
  }

  Frame bip01-spine {
   

   FrameTransformMatrix {
    1.000000,-0.000000,0.000796,0.000000,0.000000,1.000000,-0.000147,0.000000,-0.000796,0.000147,1.000000,0.000000,22.261147,-0.000032,-0.030058,1.000000;;
   }

   Frame bip01-spine1 {
    

    FrameTransformMatrix {
     1.000000,0.000000,-0.000000,0.000000,0.000000,1.000000,-0.000000,0.000000,0.000000,0.000000,1.000000,0.000000,33.304381,-0.000041,-0.026518,1.000000;;
    }

    Frame bip01-neck {
     

     FrameTransformMatrix {
      0.629320,-0.000116,0.777146,0.000000,-0.000001,1.000000,0.000150,0.000000,-0.777146,-0.000095,0.629320,0.000000,33.311555,-0.000045,-0.005798,1.000000;;
     }

     Frame bip01-head {
      

      FrameTransformMatrix {
       0.628699,-0.000001,-0.777649,0.000000,0.000001,1.000000,0.000000,0.000000,0.777649,-0.000001,0.628699,0.000000,11.766159,-0.000003,-3.407928,1.000000;;
      }

      Frame bip01-ponytail1 {
       

       FrameTransformMatrix {
        -0.622255,0.000003,0.782816,0.000000,-0.000001,1.000000,-0.000005,0.000000,-0.782815,-0.000004,-0.622254,0.000000,-3.033554,0.000105,29.199277,1.000000;;
       }
      }

      Frame bip01-ponytail2 {
       

       FrameTransformMatrix {
        -0.635820,0.000003,0.771838,0.000000,-0.000001,1.000000,-0.000005,0.000000,-0.771838,-0.000004,-0.635820,0.000000,-2.970993,0.000049,11.335242,1.000000;;
       }
      }

      Frame bone_fur_03 {
       

       FrameTransformMatrix {
        0.647748,0.504328,-0.571030,0.000000,0.408376,-0.862596,-0.298595,0.000000,-0.643158,-0.039781,-0.764700,0.000000,47.609437,21.658494,33.410867,1.000000;;
       }
      }

      Frame bone_fur_02 {
       

       FrameTransformMatrix {
        0.867800,-0.000002,-0.496915,0.000000,-0.000001,-1.000000,0.000001,0.000000,-0.496915,-0.000001,-0.867799,0.000000,52.441072,-0.000021,36.575258,1.000000;;
       }
      }

      Frame bone_fur_01 {
       

       FrameTransformMatrix {
        0.685305,-0.510242,-0.519626,0.000000,-0.406580,-0.860031,0.308285,0.000000,-0.604194,0.000000,-0.796837,0.000000,45.945802,-20.588482,31.572618,1.000000;;
       }
      }
     }

     Frame bip01-l-clavicle {
      

      FrameTransformMatrix {
       -0.270581,0.934640,0.230726,0.000000,0.570083,0.348686,-0.743925,0.000000,-0.775753,-0.069758,-0.627170,0.000000,0.000000,11.713970,0.009186,1.000000;;
      }

      Frame bip01-l-upperarm {
       

       FrameTransformMatrix {
        0.933845,-0.333427,-0.129459,0.000000,0.302180,0.929105,-0.213194,0.000000,0.191366,0.159971,0.968395,0.000000,22.333771,-0.000031,-0.000002,1.000000;;
       }

       Frame bip01-l-forearm {
        

        FrameTransformMatrix {
         0.953932,0.000000,-0.300025,0.000000,0.000000,1.000000,0.000000,0.000000,0.300025,-0.000000,0.953931,0.000000,44.521760,0.000031,0.000000,1.000000;;
        }

        Frame bip01-l-hand {
         

         FrameTransformMatrix {
          0.978148,-0.207911,0.000000,0.000000,0.000166,0.000779,1.000000,0.000000,-0.207910,-0.978147,0.000796,0.000000,40.318438,-0.000015,0.000004,1.000000;;
         }

         Frame bip01-l-finger0 {
          

          FrameTransformMatrix {
           0.684537,-0.225334,0.693277,0.000000,0.486203,-0.567472,-0.664517,0.000000,0.543154,0.791960,-0.278897,0.000000,8.411354,-13.376019,15.909074,1.000000;;
          }
         }

         Frame bip01-l-finger1 {
          

          FrameTransformMatrix {
           0.084084,0.014307,0.996356,0.000000,-0.056954,0.998332,-0.009529,0.000000,-0.994830,-0.055946,0.084758,0.000000,28.500381,3.656872,5.712082,1.000000;;
          }
         }

         Frame hand_l {
          

          FrameTransformMatrix {
           0.536146,0.389676,-0.748800,0.000000,0.324054,-0.914116,-0.243682,0.000000,-0.779447,-0.112003,-0.616375,0.000000,5.874436,15.229637,-28.106445,1.000000;;
          }
         }
        }
       }
      }
     }

     Frame bip01-r-clavicle {
      

      FrameTransformMatrix {
       -0.270581,-0.934639,0.230732,0.000000,-0.570083,0.348691,0.743923,0.000000,-0.775753,0.069755,-0.627170,0.000000,0.000000,-11.713970,0.009247,1.000000;;
      }

      Frame bip01-r-upperarm {
       

       FrameTransformMatrix {
        0.933844,0.333427,-0.129459,0.000000,-0.302179,0.929104,0.213195,0.000000,0.191366,-0.159971,0.968395,0.000000,22.333771,-0.000031,-0.000016,1.000000;;
       }

       Frame bip01-r-forearm {
        

        FrameTransformMatrix {
         0.953932,-0.000000,-0.300025,0.000000,0.000000,1.000000,-0.000000,0.000000,0.300025,0.000000,0.953931,0.000000,44.521763,0.000015,-0.000008,1.000000;;
        }

        Frame bip01-r-hand {
         

         FrameTransformMatrix {
          0.978148,0.207911,0.000000,0.000000,-0.000166,0.000779,-1.000000,0.000000,-0.207911,0.978147,0.000796,0.000000,40.318448,0.000015,0.000000,1.000000;;
         }

         Frame bip01-r-finger0 {
          

          FrameTransformMatrix {
           0.684537,0.225335,0.693278,0.000000,-0.486202,-0.567472,0.664517,0.000000,0.543155,-0.791959,-0.278897,0.000000,8.411354,13.376018,15.909088,1.000000;;
          }
         }

         Frame bip01-r-finger1 {
          

          FrameTransformMatrix {
           0.084083,-0.014306,0.996356,0.000000,0.056954,0.998331,0.009528,0.000000,-0.994830,0.055945,0.084758,0.000000,28.500365,-3.656855,5.712112,1.000000;;
          }
         }

         Frame hand_r {
          

          FrameTransformMatrix {
           -0.536145,0.389678,0.748798,0.000000,0.324055,0.914115,-0.243684,0.000000,-0.779446,0.112002,-0.616376,0.000000,5.941990,-15.279166,-28.200883,1.000000;;
          }
         }
        }
       }
      }
     }
    }
   }
  }

  Frame bone_f01 {
   

   FrameTransformMatrix {
    -0.999950,0.000001,0.010050,0.000000,-0.000002,-1.000000,0.000003,0.000000,0.010050,0.000003,0.999950,0.000000,12.903054,-0.000116,40.028435,1.000000;;
   }

   Frame bone_f02 {
    

    FrameTransformMatrix {
     0.999883,0.000000,0.015306,0.000000,-0.000000,1.000000,-0.000010,0.000000,-0.015306,0.000010,0.999883,0.000000,25.711880,0.000000,0.000006,1.000000;;
    }
   }
  }

  Frame bone_b01 {
   

   FrameTransformMatrix {
    -0.988621,0.000002,-0.150429,0.000000,-0.000001,-1.000000,-0.000002,0.000000,-0.150429,-0.000002,0.988621,0.000000,7.349312,0.000056,-24.441890,1.000000;;
   }

   Frame bone_b02 {
    

    FrameTransformMatrix {
     0.998756,-0.000000,0.049880,0.000000,0.000000,1.000000,0.000000,0.000000,-0.049880,-0.000000,0.998756,0.000000,19.075997,0.000000,0.000000,1.000000;;
    }
   }
  }
 }
}

Frame orcforeman01 {
 

 FrameTransformMatrix {
  1.000000,0.000000,0.000000,0.000000,0.000000,1.000000,0.000000,0.000000,0.000000,0.000000,1.000000,0.000000,0.000000,0.000000,0.000000,1.000000;;
 }

 Mesh orcforeman01 {
  2950;
  52.971677;156.088090;14.067270;,
  47.203254;146.856384;-4.438760;,
  64.222528;134.387891;-3.905878;,
  42.714656;139.818982;-11.093814;,
  64.222528;134.387891;-3.905878;,
  47.203254;146.856384;-4.438760;,
  64.222528;134.387891;-3.905878;,
  42.714656;139.818982;-11.093814;,
  60.766746;128.917517;-10.612766;,
  52.971677;156.088090;14.067270;,
  73.757210;138.065946;4.390131;,
  75.043731;139.795546;14.409968;,
  64.222528;134.387891;-3.905878;,
  73.757210;138.065946;4.390131;,
  52.971677;156.088090;14.067270;,
  73.757210;138.065946;4.390131;,
  64.222528;134.387891;-3.905878;,
  67.288851;132.157043;-3.794241;,
  52.971677;156.088090;14.067270;,
  28.958851;157.453043;-4.091720;,
  47.203254;146.856384;-4.438760;,
  42.714656;139.818982;-11.093814;,
  28.958851;157.453043;-4.091720;,
  25.430157;151.918822;-10.716978;,
  28.958851;157.453043;-4.091720;,
  42.714656;139.818982;-11.093814;,
  47.203254;146.856384;-4.438760;,
  52.971677;156.088090;14.067270;,
  29.315834;169.941837;13.785938;,
  28.361043;167.843456;3.991648;,
  28.958851;157.453043;-4.091720;,
  28.361043;167.843456;3.991648;,
  25.671818;159.346714;-4.044832;,
  28.361043;167.843456;3.991648;,
  28.958851;157.453043;-4.091720;,
  52.971677;156.088090;14.067270;,
  52.971677;156.088090;14.067270;,
  64.311296;135.384192;33.004154;,
  47.291907;147.865203;33.012733;,
  42.835386;141.189696;40.012915;,
  64.311296;135.384192;33.004154;,
  60.887475;130.276454;39.977235;,
  64.311296;135.384192;33.004154;,
  42.835386;141.189696;40.012915;,
  47.291907;147.865203;33.012733;,
  52.971677;156.088090;14.067270;,
  75.043731;139.795546;14.409968;,
  73.807078;138.617600;24.504278;,
  64.311296;135.384192;33.004154;,
  73.807078;138.617600;24.504278;,
  67.377568;133.150272;32.986256;,
  73.807078;138.617600;24.504278;,
  64.311296;135.384192;33.004154;,
  52.971677;156.088090;14.067270;,
  52.971677;156.088090;14.067270;,
  47.291907;147.865203;33.012733;,
  29.043760;158.430080;32.236694;,
  42.835386;141.189696;40.012915;,
  29.043760;158.430080;32.236694;,
  47.291907;147.865203;33.012733;,
  29.043760;158.430080;32.236694;,
  42.835386;141.189696;40.012915;,
  25.546675;153.254259;39.131587;,
  52.971677;156.088090;14.067270;,
  28.406650;168.378637;23.671302;,
  29.315834;169.941837;13.785938;,
  29.043760;158.430080;32.236694;,
  28.406650;168.378637;23.671302;,
  52.971677;156.088090;14.067270;,
  28.406650;168.378637;23.671302;,
  29.043760;158.430080;32.236694;,
  25.756134;160.318861;32.113235;,
  -52.971677;156.088090;14.067270;,
  -64.222528;134.387891;-3.905878;,
  -47.203254;146.856384;-4.438760;,
  -42.714656;139.818982;-11.093814;,
  -64.222528;134.387891;-3.905878;,
  -60.766746;128.917517;-10.612766;,
  -64.222528;134.387891;-3.905878;,
  -42.714656;139.818982;-11.093814;,
  -47.203254;146.856384;-4.438760;,
  -52.971677;156.088090;14.067270;,
  -75.043731;139.795546;14.409968;,
  -73.757210;138.065946;4.390131;,
  -64.222528;134.387891;-3.905878;,
  -73.757210;138.065946;4.390131;,
  -67.288851;132.157043;-3.794241;,
  -73.757210;138.065946;4.390131;,
  -64.222528;134.387891;-3.905878;,
  -52.971677;156.088090;14.067270;,
  -52.971677;156.088090;14.067270;,
  -47.203254;146.856384;-4.438760;,
  -28.958851;157.453043;-4.091720;,
  -42.714656;139.818982;-11.093814;,
  -28.958851;157.453043;-4.091720;,
  -47.203254;146.856384;-4.438760;,
  -28.958851;157.453043;-4.091720;,
  -42.714656;139.818982;-11.093814;,
  -25.430157;151.918822;-10.716978;,
  -52.971677;156.088090;14.067270;,
  -28.361043;167.843456;3.991648;,
  -29.315834;169.941837;13.785938;,
  -28.958851;157.453043;-4.091720;,
  -28.361043;167.843456;3.991648;,
  -52.971677;156.088090;14.067270;,
  -28.361043;167.843456;3.991648;,
  -28.958851;157.453043;-4.091720;,
  -25.671818;159.346714;-4.044832;,
  -52.971677;156.088090;14.067270;,
  -47.291907;147.865203;33.012733;,
  -64.311296;135.384192;33.004154;,
  -42.835386;141.189696;40.012915;,
  -64.311296;135.384192;33.004154;,
  -47.291907;147.865203;33.012733;,
  -64.311296;135.384192;33.004154;,
  -42.835386;141.189696;40.012915;,
  -60.887475;130.276454;39.977235;,
  -52.971677;156.088090;14.067270;,
  -73.807078;138.617600;24.504278;,
  -75.043731;139.795546;14.409968;,
  -64.311296;135.384192;33.004154;,
  -73.807078;138.617600;24.504278;,
  -52.971677;156.088090;14.067270;,
  -73.807078;138.617600;24.504278;,
  -64.311296;135.384192;33.004154;,
  -67.377568;133.150272;32.986256;,
  -52.971677;156.088090;14.067270;,
  -29.043760;158.430080;32.236694;,
  -47.291907;147.865203;33.012733;,
  -42.835386;141.189696;40.012915;,
  -29.043760;158.430080;32.236694;,
  -25.546675;153.254259;39.131587;,
  -29.043760;158.430080;32.236694;,
  -42.835386;141.189696;40.012915;,
  -47.291907;147.865203;33.012733;,
  -52.971677;156.088090;14.067270;,
  -29.315834;169.941837;13.785938;,
  -28.406650;168.378637;23.671302;,
  -29.043760;158.430080;32.236694;,
  -28.406650;168.378637;23.671302;,
  -25.756134;160.318861;32.113235;,
  -28.406650;168.378637;23.671302;,
  -29.043760;158.430080;32.236694;,
  -52.971677;156.088090;14.067270;,
  120.869760;103.218349;-3.234903;,
  127.344947;49.176490;-3.229696;,
  120.869760;49.176477;-3.234844;,
  127.345024;103.218349;-3.229697;,
  140.166349;179.303731;-8.023896;,
  124.095245;179.303731;0.010424;,
  140.166349;179.303731;8.029790;,
  146.350400;183.321203;-22.239755;,
  124.095245;179.303731;0.010424;,
  124.095245;179.303731;0.010424;,
  146.350400;183.321203;22.250634;,
  124.095245;179.303731;0.010424;,
  132.132070;179.303731;16.059130;,
  116.078374;179.303731;16.059130;,
  101.860013;183.321203;22.250634;,
  108.049037;179.303731;8.039763;,
  108.049037;179.303731;-8.013926;,
  101.860013;183.321203;-22.239750;,
  132.122086;179.303731;-16.058210;,
  138.628544;165.499558;-14.513442;,
  124.095245;179.303731;0.010424;,
  116.068403;179.303731;-16.058213;,
  109.586125;165.499558;-14.518198;,
  124.096614;144.120038;-12.129082;,
  111.974682;144.120038;-12.133253;,
  110.225306;129.971174;-13.879008;,
  136.243597;144.120038;-12.124924;,
  137.989350;129.971174;-13.874296;,
  127.345024;103.218349;-3.229697;,
  127.339840;49.176490;3.245517;,
  127.344947;49.176490;-3.229696;,
  127.339840;103.218349;3.245572;,
  127.339840;103.218349;3.245572;,
  120.864589;49.176490;3.240367;,
  127.339840;49.176490;3.245517;,
  120.864538;103.218349;3.240366;,
  120.864538;103.218349;3.240366;,
  120.869760;49.176477;-3.234844;,
  120.864589;49.176490;3.240367;,
  120.869760;103.218349;-3.234903;,
  121.038259;38.351859;-3.061115;,
  127.171328;38.351859;3.071785;,
  121.038362;38.351859;3.071865;,
  127.171251;38.351859;-3.061194;,
  53.142822;169.948211;15.833088;,
  51.290947;176.128947;15.642211;,
  38.272141;175.914445;15.543235;,
  56.797331;180.362035;15.555376;,
  -120.869760;103.218349;-3.234903;,
  -127.344947;49.176490;-3.229696;,
  -127.345024;103.218349;-3.229697;,
  -120.869760;49.176477;-3.234844;,
  -127.345024;103.218349;-3.229697;,
  -127.339840;49.176490;3.245517;,
  -127.339840;103.218349;3.245572;,
  -127.344947;49.176490;-3.229696;,
  -127.339840;103.218349;3.245572;,
  -120.864589;49.176490;3.240367;,
  -120.864538;103.218349;3.240366;,
  -127.339840;49.176490;3.245517;,
  -120.864538;103.218349;3.240366;,
  -120.869760;49.176477;-3.234844;,
  -120.869760;103.218349;-3.234903;,
  -120.864589;49.176490;3.240367;,
  -53.142822;169.948211;15.833088;,
  -38.272141;175.914445;15.543235;,
  -51.290947;176.128947;15.642211;,
  -56.797331;180.362035;15.555376;,
  50.505203;6.447564;8.751866;,
  40.698586;0.304513;18.269738;,
  49.084790;0.152147;8.853177;,
  43.090854;6.757931;19.638299;,
  31.546666;0.055736;30.311584;,
  32.145606;7.166878;31.743613;,
  32.330800;10.188081;31.293760;,
  22.798352;0.057178;37.406291;,
  23.836686;10.883947;31.993661;,
  22.948270;6.538169;35.799069;,
  20.215152;0.055577;27.021360;,
  19.445510;7.496409;28.006851;,
  17.051170;8.324582;25.720632;,
  18.986011;0.055949;12.360702;,
  16.837389;7.494071;11.482118;,
  19.281589;0.054434;1.069100;,
  16.646466;5.037747;-2.412802;,
  20.215152;0.055577;27.021360;,
  31.546666;0.055736;30.311584;,
  22.798352;0.057178;37.406291;,
  18.986011;0.055949;12.360702;,
  40.698586;0.304513;18.269738;,
  19.281589;0.054434;1.069100;,
  49.084790;0.152147;8.853177;,
  54.693594;0.054775;0.414657;,
  20.699686;0.054508;-10.146977;,
  47.146979;0.055446;-7.180549;,
  57.577146;0.055717;-7.761320;,
  31.955187;0.055217;-12.427133;,
  42.940349;0.055188;-17.798248;,
  23.623214;0.055646;-18.762541;,
  13.817114;196.091904;-7.904442;,
  11.713057;199.800678;-11.784961;,
  8.866271;197.640090;-8.012956;,
  16.176938;197.829197;-11.446074;,
  12.968845;202.492864;-14.295242;,
  17.300219;200.604902;-13.668707;,
  19.417360;206.145280;-15.507323;,
  26.159650;196.287168;-12.235831;,
  7.349602;206.129382;-14.894043;,
  30.999571;198.872973;-20.295992;,
  28.221597;193.216307;-18.234360;,
  14.295933;217.734118;-18.062029;,
  28.825744;201.943859;-14.297464;,
  34.806115;204.727245;-21.958432;,
  32.630790;208.195814;-14.921853;,
  22.284531;212.282150;-16.273125;,
  4.812279;220.821299;-19.252757;,
  2.177390;207.560499;-14.931576;,
  0.000000;220.821299;-19.252757;,
  0.000000;207.560499;-14.931576;,
  0.000000;201.647539;-11.820098;,
  2.216193;201.647539;-11.820098;,
  0.000000;198.232154;-8.292610;,
  2.149184;198.232154;-8.292610;,
  23.787395;211.538854;-22.671382;,
  26.117355;218.472730;-28.750390;,
  22.517770;211.593933;-25.488314;,
  27.747680;216.555290;-25.137054;,
  33.208096;226.474342;-27.579952;,
  34.961331;222.043981;-23.670285;,
  45.752224;228.609946;-15.294157;,
  42.688477;233.175834;-18.338669;,
  47.870902;237.214669;-8.020106;,
  50.844090;234.012723;-6.162260;,
  52.359402;242.713165;8.253935;,
  52.571338;169.281536;23.410138;,
  56.797331;180.362035;15.555376;,
  53.142822;169.948211;15.833088;,
  57.135962;179.037645;25.271816;,
  61.475629;190.979021;13.218486;,
  59.547629;188.513510;28.955075;,
  56.188454;178.308224;29.183034;,
  72.348518;185.823642;13.318915;,
  54.089478;175.548237;38.949523;,
  51.506080;167.793408;27.858029;,
  70.544000;183.590502;29.095069;,
  50.219651;166.712538;36.264989;,
  45.487187;159.124416;36.078454;,
  55.727923;180.477248;43.093520;,
  44.521088;158.161331;42.656611;,
  39.468307;150.455424;44.298864;,
  55.576262;160.769818;38.263728;,
  56.099930;170.753843;41.363776;,
  38.822544;149.610125;49.048243;,
  37.486378;147.465229;46.755594;,
  38.926262;143.107392;48.871178;,
  49.648208;153.277734;46.893245;,
  40.186259;145.136870;51.230061;,
  45.955318;138.560474;49.012563;,
  47.215309;140.589901;51.371472;,
  51.921424;141.136653;49.311722;,
  50.585277;138.991757;47.019078;,
  52.572240;141.980915;44.639923;,
  57.586554;149.709517;42.919427;,
  58.226272;150.817779;36.329629;,
  63.251674;158.282317;36.527130;,
  63.880301;159.654643;28.019296;,
  69.638502;165.489805;39.262298;,
  71.531085;168.257702;29.361805;,
  70.062202;161.033907;28.525395;,
  74.414227;148.629914;27.730877;,
  70.748646;162.007309;24.315792;,
  76.052928;149.836070;23.520582;,
  64.914394;161.125683;23.594736;,
  71.906240;169.325235;25.433373;,
  65.476352;161.735347;16.012533;,
  76.812486;150.431872;16.071018;,
  71.703706;162.407667;15.927126;,
  73.410554;169.225498;15.861429;,
  79.540582;175.580365;29.357232;,
  81.335648;177.871565;13.489856;,
  65.421568;176.187622;43.985437;,
  73.330957;169.090099;43.447619;,
  66.938240;168.265178;46.663235;,
  57.492205;174.375693;46.473222;,
  64.367360;165.405760;41.530074;,
  38.926262;143.107392;48.871178;,
  50.585277;138.991757;47.019078;,
  45.955318;138.560474;49.012563;,
  37.486378;147.465229;46.755594;,
  52.572240;141.980915;44.639923;,
  39.468307;150.455424;44.298864;,
  0.000000;198.232154;-8.292610;,
  -2.216193;201.647539;-11.820098;,
  -2.149184;198.232154;-8.292610;,
  0.000000;201.647539;-11.820098;,
  -2.177390;207.560499;-14.931576;,
  0.000000;207.560499;-14.931576;,
  0.000000;220.821299;-19.252757;,
  -4.812279;220.821299;-19.252757;,
  -7.349602;206.129382;-14.894043;,
  -14.295933;217.734118;-18.062029;,
  -19.417360;206.145280;-15.507323;,
  -22.284531;212.282150;-16.273125;,
  -12.968845;202.492864;-14.295242;,
  -28.825744;201.943859;-14.297464;,
  -32.630790;208.195814;-14.921853;,
  -34.806115;204.727245;-21.958432;,
  -30.999571;198.872973;-20.295992;,
  -26.159650;196.287168;-12.235831;,
  -28.221597;193.216307;-18.234360;,
  -17.300219;200.604902;-13.668707;,
  -16.176938;197.829197;-11.446074;,
  -11.713057;199.800678;-11.784961;,
  -13.817114;196.091904;-7.904442;,
  -8.866271;197.640090;-8.012956;,
  -137.989350;129.971174;-13.874296;,
  -124.096614;144.120038;-12.129082;,
  -131.738688;144.098970;-7.624158;,
  -116.475507;144.098982;-7.628310;,
  -110.225306;129.971174;-13.879008;,
  -137.984653;129.971174;13.889766;,
  -136.239437;144.120038;-0.002996;,
  -131.734515;144.098982;7.639070;,
  -131.738688;144.098970;-7.624158;,
  -137.989350;129.971174;-13.874296;,
  -110.220608;129.971149;13.885051;,
  -124.113344;144.120038;12.139842;,
  -116.471296;144.098970;7.634915;,
  -131.734515;144.098982;7.639070;,
  -137.984653;129.971174;13.889766;,
  -110.225306;129.971174;-13.879008;,
  -111.970496;144.120038;0.013757;,
  -116.475507;144.098982;-7.628310;,
  -116.471296;144.098970;7.634915;,
  -110.220608;129.971149;13.885051;,
  -50.844090;234.012723;-6.162260;,
  -47.870902;237.214669;-8.020106;,
  -52.359402;242.713165;8.253935;,
  -45.752224;228.609946;-15.294157;,
  -42.688477;233.175834;-18.338669;,
  -33.208096;226.474342;-27.579952;,
  -34.961331;222.043981;-23.670285;,
  -27.747680;216.555290;-25.137054;,
  -26.117355;218.472730;-28.750390;,
  -23.787395;211.538854;-22.671382;,
  -22.517770;211.593933;-25.488314;,
  -52.526704;168.753830;4.110057;,
  -56.752640;180.117005;11.206336;,
  -53.132954;169.821414;11.643361;,
  -57.082733;178.397862;1.767386;,
  -61.475629;190.979021;13.218486;,
  -59.477485;187.665843;-2.372343;,
  -56.117299;177.462080;-2.100221;,
  -72.348518;185.823642;13.318915;,
  -53.973530;174.188045;-11.714209;,
  -51.441046;167.031885;-0.256928;,
  -70.473114;182.739226;-2.322976;,
  -50.116048;165.506765;-8.596418;,
  -45.384490;157.939162;-8.029306;,
  -55.592934;178.890675;-16.094389;,
  -44.388214;156.628582;-14.549258;,
  -39.327946;148.846400;-15.801677;,
  -55.463437;159.464371;-10.331670;,
  -55.972877;169.271194;-13.905352;,
  -38.660394;147.750413;-20.502093;,
  -37.334758;145.730138;-18.104738;,
  -38.764918;141.265280;-20.016035;,
  -49.495846;151.525312;-18.569038;,
  -40.014083;143.166861;-22.473736;,
  -45.793270;136.715059;-19.969629;,
  -47.042419;138.616563;-22.427357;,
  -51.757939;139.270822;-20.415629;,
  -50.432323;137.250509;-18.018270;,
  -52.430192;140.361690;-15.792674;,
  -57.452352;148.170637;-14.463021;,
  -58.122304;149.626906;-7.937014;,
  -63.146739;157.070451;-8.510405;,
  -63.814406;158.892147;-0.081344;,
  -69.520960;164.122355;-11.611586;,
  -71.458957;167.411469;-1.863301;,
  -69.993933;160.241459;-0.677912;,
  -74.349549;147.894362;0.688361;,
  -70.699693;161.436723;3.477156;,
  -76.007571;149.321920;4.829115;,
  -64.868800;160.595776;4.263283;,
  -71.852134;168.685939;2.007764;,
  -65.465549;161.606669;11.804492;,
  -79.468410;174.723341;-2.240375;,
  -73.392896;169.113613;11.471097;,
  -71.686406;162.299686;11.703892;,
  -76.795386;150.327501;12.025880;,
  -71.703706;162.407667;15.927126;,
  -76.812486;150.431872;16.071018;,
  -73.410554;169.225498;15.861429;,
  -81.335648;177.871565;13.489856;,
  -65.282400;174.557005;-16.820778;,
  -73.194176;167.495322;-15.978208;,
  -57.341696;172.617190;-19.186490;,
  -66.786771;166.502259;-19.124155;,
  -64.239456;163.919283;-13.850778;,
  -38.764918;141.265280;-20.016035;,
  -50.432323;137.250509;-18.018270;,
  -45.793270;136.715059;-19.969629;,
  -37.334758;145.730138;-18.104738;,
  -52.430192;140.361690;-15.792674;,
  -39.327946;148.846400;-15.801677;,
  13.606632;256.294170;-19.976525;,
  11.580193;258.287437;-24.025413;,
  10.576586;266.446362;-10.374963;,
  15.101171;247.301478;-25.200014;,
  12.079659;249.508685;-32.110230;,
  12.621717;233.472358;-28.037622;,
  6.540980;235.050342;-36.842688;,
  1.804847;224.346214;-34.422864;,
  6.196017;224.416128;-28.340006;,
  2.416053;219.637581;-25.919922;,
  -0.227938;219.166618;-28.987485;,
  2.292794;219.637581;-25.766355;,
  1.681587;224.346214;-34.269296;,
  -0.351198;219.166618;-28.833926;,
  6.072757;224.416128;-28.186445;,
  6.417720;235.050342;-36.689130;,
  12.498456;233.472358;-27.884058;,
  14.977910;247.301478;-25.046453;,
  11.956400;249.508685;-31.956666;,
  11.456932;258.287437;-23.871851;,
  13.483373;256.294118;-19.822958;,
  10.453326;266.446362;-10.221399;,
  -15.372680;259.613696;-4.723366;,
  -10.138816;261.756186;-6.872338;,
  -8.732978;264.766669;9.906398;,
  -16.193978;252.700518;-17.069384;,
  -9.725321;255.724518;-21.163498;,
  -6.022283;242.437043;-33.730730;,
  -10.844666;239.239296;-28.551955;,
  -6.713405;228.319283;-30.059674;,
  -3.957500;228.977382;-34.512438;,
  -3.598882;219.257933;-26.544904;,
  -2.224680;218.346829;-29.703107;,
  5.244262;150.899123;-34.957875;,
  0.000000;151.932506;-35.388115;,
  1.585065;149.489882;-34.934966;,
  0.000000;156.445965;-32.598080;,
  6.765878;153.061338;-33.372646;,
  4.230542;156.103680;-32.156701;,
  3.187956;158.536077;-30.122662;,
  0.000000;160.234778;-27.543424;,
  3.379491;159.628070;-27.721885;,
  5.751255;161.103488;-25.042509;,
  0.000000;161.845581;-24.135936;,
  0.000000;161.416026;-21.949933;,
  8.060741;160.660045;-23.326949;,
  8.550044;161.485875;-22.491749;,
  0.000000;159.667712;-21.536125;,
  8.289836;159.959962;-21.352472;,
  0.000000;157.784640;-21.715662;,
  7.859482;157.616461;-21.677197;,
  8.495598;157.242445;-23.443731;,
  0.000000;155.847142;-23.367160;,
  8.154076;155.321395;-25.735144;,
  7.152726;152.255245;-29.268170;,
  0.000000;151.193267;-29.773082;,
  5.040484;149.501376;-31.390246;,
  2.917561;148.658138;-32.421731;,
  0.000000;148.392781;-32.888576;,
  124.096614;144.120038;-12.129082;,
  116.475507;144.098982;-7.628310;,
  110.225306;129.971174;-13.879008;,
  131.738688;144.098970;-7.624158;,
  137.989350;129.971174;-13.874296;,
  136.239437;144.120038;-0.002996;,
  131.738688;144.098970;-7.624158;,
  137.989350;129.971174;-13.874296;,
  131.734515;144.098982;7.639070;,
  137.984653;129.971174;13.889766;,
  124.113344;144.120038;12.139842;,
  131.734515;144.098982;7.639070;,
  137.984653;129.971174;13.889766;,
  116.471296;144.098970;7.634915;,
  110.220608;129.971149;13.885051;,
  111.970496;144.120038;0.013757;,
  116.471296;144.098970;7.634915;,
  110.220608;129.971149;13.885051;,
  116.475507;144.098982;-7.628310;,
  110.225306;129.971174;-13.879008;,
  26.812309;243.659315;-17.513374;,
  34.053347;250.080819;-10.489384;,
  28.869958;244.107366;-21.035842;,
  25.060798;234.202906;-29.636778;,
  19.578350;233.879066;-22.599184;,
  22.259440;226.329190;-32.035133;,
  17.681282;227.124326;-23.464286;,
  20.698418;218.159795;-29.643293;,
  18.098162;218.350080;-23.812008;,
  18.988771;212.988275;-22.117424;,
  20.693859;211.807539;-24.964576;,
  51.079686;233.879526;-6.495741;,
  48.106499;237.081498;-8.353586;,
  52.594998;242.579994;7.920456;,
  42.924074;233.042637;-18.672146;,
  45.987808;228.476749;-15.627635;,
  33.443693;226.341146;-27.913430;,
  35.196915;221.910810;-24.003762;,
  26.352946;218.339533;-29.083869;,
  27.983274;216.422093;-25.470536;,
  24.022986;211.405658;-23.004862;,
  22.753360;211.460736;-25.821795;,
  26.972224;243.659315;-17.242502;,
  29.029872;244.107366;-20.764966;,
  34.213264;250.080819;-10.218510;,
  25.220710;234.202906;-29.365904;,
  19.738264;233.879066;-22.328310;,
  22.419354;226.329190;-31.764259;,
  17.841194;227.124326;-23.193413;,
  20.858331;218.159795;-29.372422;,
  18.258075;218.350080;-23.541134;,
  19.148683;212.988275;-21.846550;,
  20.853773;211.807539;-24.693702;,
  56.752640;180.117005;11.206336;,
  52.526704;168.753830;4.110057;,
  53.132954;169.821414;11.643361;,
  57.082733;178.397862;1.767386;,
  61.475629;190.979021;13.218486;,
  59.477485;187.665843;-2.372343;,
  56.117299;177.462080;-2.100221;,
  72.348518;185.823642;13.318915;,
  53.973530;174.188045;-11.714209;,
  51.441046;167.031885;-0.256928;,
  70.473114;182.739226;-2.322976;,
  50.116048;165.506765;-8.596418;,
  45.384490;157.939162;-8.029306;,
  55.592934;178.890675;-16.094389;,
  44.388214;156.628582;-14.549258;,
  39.327946;148.846400;-15.801677;,
  55.463437;159.464371;-10.331670;,
  55.972877;169.271194;-13.905352;,
  38.660394;147.750413;-20.502093;,
  37.334758;145.730138;-18.104738;,
  38.764918;141.265280;-20.016035;,
  49.495846;151.525312;-18.569038;,
  40.014083;143.166861;-22.473736;,
  45.793270;136.715059;-19.969629;,
  47.042419;138.616563;-22.427357;,
  51.757939;139.270822;-20.415629;,
  50.432323;137.250509;-18.018270;,
  52.430192;140.361690;-15.792674;,
  57.452352;148.170637;-14.463021;,
  58.122304;149.626906;-7.937014;,
  63.146739;157.070451;-8.510405;,
  63.814406;158.892147;-0.081344;,
  69.520960;164.122355;-11.611586;,
  71.458957;167.411469;-1.863301;,
  69.993933;160.241459;-0.677912;,
  74.349549;147.894362;0.688361;,
  64.239456;163.919283;-13.850778;,
  70.699693;161.436723;3.477156;,
  76.007571;149.321920;4.829115;,
  64.868800;160.595776;4.263283;,
  71.852134;168.685939;2.007764;,
  65.465549;161.606669;11.804492;,
  79.468410;174.723341;-2.240375;,
  73.392896;169.113613;11.471097;,
  71.686406;162.299686;11.703892;,
  76.795386;150.327501;12.025880;,
  71.703706;162.407667;15.927126;,
  76.812486;150.431872;16.071018;,
  73.410554;169.225498;15.861429;,
  81.335648;177.871565;13.489856;,
  65.282400;174.557005;-16.820778;,
  73.194176;167.495322;-15.978208;,
  57.341696;172.617190;-19.186490;,
  66.786771;166.502259;-19.124155;,
  50.432323;137.250509;-18.018270;,
  38.764918;141.265280;-20.016035;,
  45.793270;136.715059;-19.969629;,
  37.334758;145.730138;-18.104738;,
  52.430192;140.361690;-15.792674;,
  39.327946;148.846400;-15.801677;,
  -5.244262;150.899123;-34.957875;,
  -1.585065;149.489882;-34.934966;,
  0.000000;151.932506;-35.388115;,
  0.000000;156.445965;-32.598080;,
  -6.765878;153.061338;-33.372646;,
  -4.230542;156.103680;-32.156701;,
  -3.187956;158.536077;-30.122662;,
  0.000000;160.234778;-27.543424;,
  -3.379491;159.628070;-27.721885;,
  -5.751255;161.103488;-25.042509;,
  0.000000;161.845581;-24.135936;,
  0.000000;161.416026;-21.949933;,
  -8.060741;160.660045;-23.326949;,
  -8.550044;161.485875;-22.491749;,
  0.000000;159.667712;-21.536125;,
  -8.289836;159.959962;-21.352472;,
  0.000000;157.784640;-21.715662;,
  -7.859482;157.616461;-21.677197;,
  -8.495598;157.242445;-23.443731;,
  0.000000;155.847142;-23.367160;,
  -8.154076;155.321395;-25.735144;,
  -7.152726;152.255245;-29.268170;,
  0.000000;151.193267;-29.773082;,
  -5.040484;149.501376;-31.390246;,
  -2.917561;148.658138;-32.421731;,
  0.000000;148.392781;-32.888576;,
  -40.698586;0.304513;18.269738;,
  -50.505203;6.447564;8.751866;,
  -49.084790;0.152147;8.853177;,
  -43.090854;6.757931;19.638299;,
  -31.546666;0.055736;30.311584;,
  -32.145606;7.166878;31.743613;,
  -32.330800;10.188081;31.293760;,
  -22.798352;0.057178;37.406291;,
  -23.836686;10.883947;31.993661;,
  -22.948270;6.538169;35.799069;,
  -20.215152;0.055577;27.021360;,
  -19.445510;7.496409;28.006851;,
  -17.051170;8.324582;25.720632;,
  -18.986011;0.055949;12.360702;,
  -16.837389;7.494071;11.482118;,
  -19.281589;0.054434;1.069100;,
  -16.646466;5.037747;-2.412802;,
  -20.215152;0.055577;27.021360;,
  -22.798352;0.057178;37.406291;,
  -31.546666;0.055736;30.311584;,
  -18.986011;0.055949;12.360702;,
  -40.698586;0.304513;18.269738;,
  -19.281589;0.054434;1.069100;,
  -49.084790;0.152147;8.853177;,
  -54.693594;0.054775;0.414657;,
  -20.699686;0.054508;-10.146977;,
  -57.577146;0.055717;-7.761320;,
  -47.146979;0.055446;-7.180549;,
  -31.955187;0.055217;-12.427133;,
  -23.623214;0.055646;-18.762541;,
  -42.940349;0.055188;-17.798248;,
  -26.812309;243.659315;-17.513374;,
  -28.869958;244.107366;-21.035842;,
  -34.053347;250.080819;-10.489384;,
  -25.060798;234.202906;-29.636778;,
  -19.578350;233.879066;-22.599184;,
  -22.259440;226.329190;-32.035133;,
  -17.681282;227.124326;-23.464286;,
  -20.698418;218.159795;-29.643293;,
  -18.098162;218.350080;-23.812008;,
  -18.988771;212.988275;-22.117424;,
  -20.693859;211.807539;-24.964576;,
  -51.079686;233.879526;-6.495741;,
  -52.594998;242.579994;7.920456;,
  -48.106499;237.081498;-8.353586;,
  -42.924074;233.042637;-18.672146;,
  -45.987808;228.476749;-15.627635;,
  -33.443693;226.341146;-27.913430;,
  -35.196915;221.910810;-24.003762;,
  -26.352946;218.339533;-29.083869;,
  -27.983274;216.422093;-25.470536;,
  -24.022986;211.405658;-23.004862;,
  -22.753360;211.460736;-25.821795;,
  -26.972224;243.659315;-17.242502;,
  -34.213264;250.080819;-10.218510;,
  -29.029872;244.107366;-20.764966;,
  -25.220710;234.202906;-29.365904;,
  -19.738264;233.879066;-22.328310;,
  -22.419354;226.329190;-31.764259;,
  -17.841194;227.124326;-23.193413;,
  -20.858331;218.159795;-29.372422;,
  -18.258075;218.350080;-23.541134;,
  -19.148683;212.988275;-21.846550;,
  -20.853773;211.807539;-24.693702;,
  -56.797331;180.362035;15.555376;,
  -52.571338;169.281536;23.410138;,
  -53.142822;169.948211;15.833088;,
  -57.135962;179.037645;25.271816;,
  -61.475629;190.979021;13.218486;,
  -59.547629;188.513510;28.955075;,
  -56.188454;178.308224;29.183034;,
  -72.348518;185.823642;13.318915;,
  -54.089478;175.548237;38.949523;,
  -51.506080;167.793408;27.858029;,
  -70.544000;183.590502;29.095069;,
  -50.219651;166.712538;36.264989;,
  -45.487187;159.124416;36.078454;,
  -55.727923;180.477248;43.093520;,
  -44.521088;158.161331;42.656611;,
  -39.468307;150.455424;44.298864;,
  -55.576262;160.769818;38.263728;,
  -56.099930;170.753843;41.363776;,
  -38.822544;149.610125;49.048243;,
  -37.486378;147.465229;46.755594;,
  -38.926262;143.107392;48.871178;,
  -49.648208;153.277734;46.893245;,
  -40.186259;145.136870;51.230061;,
  -45.955318;138.560474;49.012563;,
  -47.215309;140.589901;51.371472;,
  -51.921424;141.136653;49.311722;,
  -50.585277;138.991757;47.019078;,
  -52.572240;141.980915;44.639923;,
  -57.586554;149.709517;42.919427;,
  -58.226272;150.817779;36.329629;,
  -63.251674;158.282317;36.527130;,
  -63.880301;159.654643;28.019296;,
  -69.638502;165.489805;39.262298;,
  -71.531085;168.257702;29.361805;,
  -70.062202;161.033907;28.525395;,
  -74.414227;148.629914;27.730877;,
  -64.367360;165.405760;41.530074;,
  -70.748646;162.007309;24.315792;,
  -76.052928;149.836070;23.520582;,
  -64.914394;161.125683;23.594736;,
  -71.906240;169.325235;25.433373;,
  -65.476352;161.735347;16.012533;,
  -71.703706;162.407667;15.927126;,
  -76.812486;150.431872;16.071018;,
  -73.410554;169.225498;15.861429;,
  -79.540582;175.580365;29.357232;,
  -81.335648;177.871565;13.489856;,
  -73.330957;169.090099;43.447619;,
  -65.421568;176.187622;43.985437;,
  -66.938240;168.265178;46.663235;,
  -57.492205;174.375693;46.473222;,
  -50.585277;138.991757;47.019078;,
  -38.926262;143.107392;48.871178;,
  -45.955318;138.560474;49.012563;,
  -37.486378;147.465229;46.755594;,
  -52.572240;141.980915;44.639923;,
  -39.468307;150.455424;44.298864;,
  -15.496827;259.613696;-4.841286;,
  -8.857122;264.766694;9.788476;,
  -10.262962;261.756237;-6.990258;,
  -9.849466;255.724544;-21.281418;,
  -16.318125;252.700518;-17.187306;,
  -6.146428;242.437043;-33.848643;,
  -10.968813;239.239296;-28.669875;,
  -4.081646;228.977382;-34.630355;,
  -6.837550;228.319283;-30.177594;,
  -3.723028;219.257933;-26.662822;,
  -2.348826;218.346829;-29.821030;,
  1.762866;29.865670;-32.854502;,
  6.685390;24.487533;-32.246045;,
  1.926313;24.785584;-33.112400;,
  7.606533;29.658080;-31.191008;,
  0.000000;42.480467;-32.580154;,
  0.000000;29.928294;-33.356336;,
  13.636963;42.150541;-29.126691;,
